1	-180	-90
2	-180	-85
3	-180	-80
4	-180	-75
5	-180	-70
6	-180	-65
7	-180	-60
8	-180	-55
9	-180	-50
10	-180	-45
11	-180	-40
12	-180	-35
13	-180	-30
14	-180	-25
15	-180	-20
16	-180	-15
17	-180	-10
18	-180	-5
19	-180	0
20	-180	5
21	-180	10
22	-180	15
23	-180	20
24	-180	25
25	-180	30
26	-180	35
27	-180	40
28	-180	45
29	-180	50
30	-180	55
31	-180	60
32	-180	65
33	-180	70
34	-180	75
35	-180	80
36	-180	85
37	-180	90
38	-175	-90
39	-175	-85
40	-175	-80
41	-175	-75
42	-175	-70
43	-175	-65
44	-175	-60
45	-175	-55
46	-175	-50
47	-175	-45
48	-175	-40
49	-175	-35
50	-175	-30
51	-175	-25
52	-175	-20
53	-175	-15
54	-175	-10
55	-175	-5
56	-175	0
57	-175	5
58	-175	10
59	-175	15
60	-175	20
61	-175	25
62	-175	30
63	-175	35
64	-175	40
65	-175	45
66	-175	50
67	-175	55
68	-175	60
69	-175	65
70	-175	70
71	-175	75
72	-175	80
73	-175	85
74	-175	90
75	-170	-90
76	-170	-85
77	-170	-80
78	-170	-75
79	-170	-70
80	-170	-65
81	-170	-60
82	-170	-55
83	-170	-50
84	-170	-45
85	-170	-40
86	-170	-35
87	-170	-30
88	-170	-25
89	-170	-20
90	-170	-15
91	-170	-10
92	-170	-5
93	-170	0
94	-170	5
95	-170	10
96	-170	15
97	-170	20
98	-170	25
99	-170	30
100	-170	35
101	-170	40
102	-170	45
103	-170	50
104	-170	55
105	-170	60
106	-170	65
107	-170	70
108	-170	75
109	-170	80
110	-170	85
111	-170	90
112	-165	-90
113	-165	-85
114	-165	-80
115	-165	-75
116	-165	-70
117	-165	-65
118	-165	-60
119	-165	-55
120	-165	-50
121	-165	-45
122	-165	-40
123	-165	-35
124	-165	-30
125	-165	-25
126	-165	-20
127	-165	-15
128	-165	-10
129	-165	-5
130	-165	0
131	-165	5
132	-165	10
133	-165	15
134	-165	20
135	-165	25
136	-165	30
137	-165	35
138	-165	40
139	-165	45
140	-165	50
141	-165	55
142	-165	60
143	-165	65
144	-165	70
145	-165	75
146	-165	80
147	-165	85
148	-165	90
149	-160	-90
150	-160	-85
151	-160	-80
152	-160	-75
153	-160	-70
154	-160	-65
155	-160	-60
156	-160	-55
157	-160	-50
158	-160	-45
159	-160	-40
160	-160	-35
161	-160	-30
162	-160	-25
163	-160	-20
164	-160	-15
165	-160	-10
166	-160	-5
167	-160	0
168	-160	5
169	-160	10
170	-160	15
171	-160	20
172	-160	25
173	-160	30
174	-160	35
175	-160	40
176	-160	45
177	-160	50
178	-160	55
179	-160	60
180	-160	65
181	-160	70
182	-160	75
183	-160	80
184	-160	85
185	-160	90
186	-155	-90
187	-155	-85
188	-155	-80
189	-155	-75
190	-155	-70
191	-155	-65
192	-155	-60
193	-155	-55
194	-155	-50
195	-155	-45
196	-155	-40
197	-155	-35
198	-155	-30
199	-155	-25
200	-155	-20
201	-155	-15
202	-155	-10
203	-155	-5
204	-155	0
205	-155	5
206	-155	10
207	-155	15
208	-155	20
209	-155	25
210	-155	30
211	-155	35
212	-155	40
213	-155	45
214	-155	50
215	-155	55
216	-155	60
217	-155	65
218	-155	70
219	-155	75
220	-155	80
221	-155	85
222	-155	90
223	-150	-90
224	-150	-85
225	-150	-80
226	-150	-75
227	-150	-70
228	-150	-65
229	-150	-60
230	-150	-55
231	-150	-50
232	-150	-45
233	-150	-40
234	-150	-35
235	-150	-30
236	-150	-25
237	-150	-20
238	-150	-15
239	-150	-10
240	-150	-5
241	-150	0
242	-150	5
243	-150	10
244	-150	15
245	-150	20
246	-150	25
247	-150	30
248	-150	35
249	-150	40
250	-150	45
251	-150	50
252	-150	55
253	-150	60
254	-150	65
255	-150	70
256	-150	75
257	-150	80
258	-150	85
259	-150	90
260	-145	-90
261	-145	-85
262	-145	-80
263	-145	-75
264	-145	-70
265	-145	-65
266	-145	-60
267	-145	-55
268	-145	-50
269	-145	-45
270	-145	-40
271	-145	-35
272	-145	-30
273	-145	-25
274	-145	-20
275	-145	-15
276	-145	-10
277	-145	-5
278	-145	0
279	-145	5
280	-145	10
281	-145	15
282	-145	20
283	-145	25
284	-145	30
285	-145	35
286	-145	40
287	-145	45
288	-145	50
289	-145	55
290	-145	60
291	-145	65
292	-145	70
293	-145	75
294	-145	80
295	-145	85
296	-145	90
297	-140	-90
298	-140	-85
299	-140	-80
300	-140	-75
301	-140	-70
302	-140	-65
303	-140	-60
304	-140	-55
305	-140	-50
306	-140	-45
307	-140	-40
308	-140	-35
309	-140	-30
310	-140	-25
311	-140	-20
312	-140	-15
313	-140	-10
314	-140	-5
315	-140	0
316	-140	5
317	-140	10
318	-140	15
319	-140	20
320	-140	25
321	-140	30
322	-140	35
323	-140	40
324	-140	45
325	-140	50
326	-140	55
327	-140	60
328	-140	65
329	-140	70
330	-140	75
331	-140	80
332	-140	85
333	-140	90
334	-135	-90
335	-135	-85
336	-135	-80
337	-135	-75
338	-135	-70
339	-135	-65
340	-135	-60
341	-135	-55
342	-135	-50
343	-135	-45
344	-135	-40
345	-135	-35
346	-135	-30
347	-135	-25
348	-135	-20
349	-135	-15
350	-135	-10
351	-135	-5
352	-135	0
353	-135	5
354	-135	10
355	-135	15
356	-135	20
357	-135	25
358	-135	30
359	-135	35
360	-135	40
361	-135	45
362	-135	50
363	-135	55
364	-135	60
365	-135	65
366	-135	70
367	-135	75
368	-135	80
369	-135	85
370	-135	90
371	-130	-90
372	-130	-85
373	-130	-80
374	-130	-75
375	-130	-70
376	-130	-65
377	-130	-60
378	-130	-55
379	-130	-50
380	-130	-45
381	-130	-40
382	-130	-35
383	-130	-30
384	-130	-25
385	-130	-20
386	-130	-15
387	-130	-10
388	-130	-5
389	-130	0
390	-130	5
391	-130	10
392	-130	15
393	-130	20
394	-130	25
395	-130	30
396	-130	35
397	-130	40
398	-130	45
399	-130	50
400	-130	55
401	-130	60
402	-130	65
403	-130	70
404	-130	75
405	-130	80
406	-130	85
407	-130	90
408	-125	-90
409	-125	-85
410	-125	-80
411	-125	-75
412	-125	-70
413	-125	-65
414	-125	-60
415	-125	-55
416	-125	-50
417	-125	-45
418	-125	-40
419	-125	-35
420	-125	-30
421	-125	-25
422	-125	-20
423	-125	-15
424	-125	-10
425	-125	-5
426	-125	0
427	-125	5
428	-125	10
429	-125	15
430	-125	20
431	-125	25
432	-125	30
433	-125	35
434	-125	40
435	-125	45
436	-125	50
437	-125	55
438	-125	60
439	-125	65
440	-125	70
441	-125	75
442	-125	80
443	-125	85
444	-125	90
445	-120	-90
446	-120	-85
447	-120	-80
448	-120	-75
449	-120	-70
450	-120	-65
451	-120	-60
452	-120	-55
453	-120	-50
454	-120	-45
455	-120	-40
456	-120	-35
457	-120	-30
458	-120	-25
459	-120	-20
460	-120	-15
461	-120	-10
462	-120	-5
463	-120	0
464	-120	5
465	-120	10
466	-120	15
467	-120	20
468	-120	25
469	-120	30
470	-120	35
471	-120	40
472	-120	45
473	-120	50
474	-120	55
475	-120	60
476	-120	65
477	-120	70
478	-120	75
479	-120	80
480	-120	85
481	-120	90
482	-115	-90
483	-115	-85
484	-115	-80
485	-115	-75
486	-115	-70
487	-115	-65
488	-115	-60
489	-115	-55
490	-115	-50
491	-115	-45
492	-115	-40
493	-115	-35
494	-115	-30
495	-115	-25
496	-115	-20
497	-115	-15
498	-115	-10
499	-115	-5
500	-115	0
501	-115	5
502	-115	10
503	-115	15
504	-115	20
505	-115	25
506	-115	30
507	-115	35
508	-115	40
509	-115	45
510	-115	50
511	-115	55
512	-115	60
513	-115	65
514	-115	70
515	-115	75
516	-115	80
517	-115	85
518	-115	90
519	-110	-90
520	-110	-85
521	-110	-80
522	-110	-75
523	-110	-70
524	-110	-65
525	-110	-60
526	-110	-55
527	-110	-50
528	-110	-45
529	-110	-40
530	-110	-35
531	-110	-30
532	-110	-25
533	-110	-20
534	-110	-15
535	-110	-10
536	-110	-5
537	-110	0
538	-110	5
539	-110	10
540	-110	15
541	-110	20
542	-110	25
543	-110	30
544	-110	35
545	-110	40
546	-110	45
547	-110	50
548	-110	55
549	-110	60
550	-110	65
551	-110	70
552	-110	75
553	-110	80
554	-110	85
555	-110	90
556	-105	-90
557	-105	-85
558	-105	-80
559	-105	-75
560	-105	-70
561	-105	-65
562	-105	-60
563	-105	-55
564	-105	-50
565	-105	-45
566	-105	-40
567	-105	-35
568	-105	-30
569	-105	-25
570	-105	-20
571	-105	-15
572	-105	-10
573	-105	-5
574	-105	0
575	-105	5
576	-105	10
577	-105	15
578	-105	20
579	-105	25
580	-105	30
581	-105	35
582	-105	40
583	-105	45
584	-105	50
585	-105	55
586	-105	60
587	-105	65
588	-105	70
589	-105	75
590	-105	80
591	-105	85
592	-105	90
593	-100	-90
594	-100	-85
595	-100	-80
596	-100	-75
597	-100	-70
598	-100	-65
599	-100	-60
600	-100	-55
601	-100	-50
602	-100	-45
603	-100	-40
604	-100	-35
605	-100	-30
606	-100	-25
607	-100	-20
608	-100	-15
609	-100	-10
610	-100	-5
611	-100	0
612	-100	5
613	-100	10
614	-100	15
615	-100	20
616	-100	25
617	-100	30
618	-100	35
619	-100	40
620	-100	45
621	-100	50
622	-100	55
623	-100	60
624	-100	65
625	-100	70
626	-100	75
627	-100	80
628	-100	85
629	-100	90
630	-95	-90
631	-95	-85
632	-95	-80
633	-95	-75
634	-95	-70
635	-95	-65
636	-95	-60
637	-95	-55
638	-95	-50
639	-95	-45
640	-95	-40
641	-95	-35
642	-95	-30
643	-95	-25
644	-95	-20
645	-95	-15
646	-95	-10
647	-95	-5
648	-95	0
649	-95	5
650	-95	10
651	-95	15
652	-95	20
653	-95	25
654	-95	30
655	-95	35
656	-95	40
657	-95	45
658	-95	50
659	-95	55
660	-95	60
661	-95	65
662	-95	70
663	-95	75
664	-95	80
665	-95	85
666	-95	90
667	-90	-90
668	-90	-85
669	-90	-80
670	-90	-75
671	-90	-70
672	-90	-65
673	-90	-60
674	-90	-55
675	-90	-50
676	-90	-45
677	-90	-40
678	-90	-35
679	-90	-30
680	-90	-25
681	-90	-20
682	-90	-15
683	-90	-10
684	-90	-5
685	-90	0
686	-90	5
687	-90	10
688	-90	15
689	-90	20
690	-90	25
691	-90	30
692	-90	35
693	-90	40
694	-90	45
695	-90	50
696	-90	55
697	-90	60
698	-90	65
699	-90	70
700	-90	75
701	-90	80
702	-90	85
703	-90	90
704	-85	-90
705	-85	-85
706	-85	-80
707	-85	-75
708	-85	-70
709	-85	-65
710	-85	-60
711	-85	-55
712	-85	-50
713	-85	-45
714	-85	-40
715	-85	-35
716	-85	-30
717	-85	-25
718	-85	-20
719	-85	-15
720	-85	-10
721	-85	-5
722	-85	0
723	-85	5
724	-85	10
725	-85	15
726	-85	20
727	-85	25
728	-85	30
729	-85	35
730	-85	40
731	-85	45
732	-85	50
733	-85	55
734	-85	60
735	-85	65
736	-85	70
737	-85	75
738	-85	80
739	-85	85
740	-85	90
741	-80	-90
742	-80	-85
743	-80	-80
744	-80	-75
745	-80	-70
746	-80	-65
747	-80	-60
748	-80	-55
749	-80	-50
750	-80	-45
751	-80	-40
752	-80	-35
753	-80	-30
754	-80	-25
755	-80	-20
756	-80	-15
757	-80	-10
758	-80	-5
759	-80	0
760	-80	5
761	-80	10
762	-80	15
763	-80	20
764	-80	25
765	-80	30
766	-80	35
767	-80	40
768	-80	45
769	-80	50
770	-80	55
771	-80	60
772	-80	65
773	-80	70
774	-80	75
775	-80	80
776	-80	85
777	-80	90
778	-75	-90
779	-75	-85
780	-75	-80
781	-75	-75
782	-75	-70
783	-75	-65
784	-75	-60
785	-75	-55
786	-75	-50
787	-75	-45
788	-75	-40
789	-75	-35
790	-75	-30
791	-75	-25
792	-75	-20
793	-75	-15
794	-75	-10
795	-75	-5
796	-75	0
797	-75	5
798	-75	10
799	-75	15
800	-75	20
801	-75	25
802	-75	30
803	-75	35
804	-75	40
805	-75	45
806	-75	50
807	-75	55
808	-75	60
809	-75	65
810	-75	70
811	-75	75
812	-75	80
813	-75	85
814	-75	90
815	-70	-90
816	-70	-85
817	-70	-80
818	-70	-75
819	-70	-70
820	-70	-65
821	-70	-60
822	-70	-55
823	-70	-50
824	-70	-45
825	-70	-40
826	-70	-35
827	-70	-30
828	-70	-25
829	-70	-20
830	-70	-15
831	-70	-10
832	-70	-5
833	-70	0
834	-70	5
835	-70	10
836	-70	15
837	-70	20
838	-70	25
839	-70	30
840	-70	35
841	-70	40
842	-70	45
843	-70	50
844	-70	55
845	-70	60
846	-70	65
847	-70	70
848	-70	75
849	-70	80
850	-70	85
851	-70	90
852	-65	-90
853	-65	-85
854	-65	-80
855	-65	-75
856	-65	-70
857	-65	-65
858	-65	-60
859	-65	-55
860	-65	-50
861	-65	-45
862	-65	-40
863	-65	-35
864	-65	-30
865	-65	-25
866	-65	-20
867	-65	-15
868	-65	-10
869	-65	-5
870	-65	0
871	-65	5
872	-65	10
873	-65	15
874	-65	20
875	-65	25
876	-65	30
877	-65	35
878	-65	40
879	-65	45
880	-65	50
881	-65	55
882	-65	60
883	-65	65
884	-65	70
885	-65	75
886	-65	80
887	-65	85
888	-65	90
889	-60	-90
890	-60	-85
891	-60	-80
892	-60	-75
893	-60	-70
894	-60	-65
895	-60	-60
896	-60	-55
897	-60	-50
898	-60	-45
899	-60	-40
900	-60	-35
901	-60	-30
902	-60	-25
903	-60	-20
904	-60	-15
905	-60	-10
906	-60	-5
907	-60	0
908	-60	5
909	-60	10
910	-60	15
911	-60	20
912	-60	25
913	-60	30
914	-60	35
915	-60	40
916	-60	45
917	-60	50
918	-60	55
919	-60	60
920	-60	65
921	-60	70
922	-60	75
923	-60	80
924	-60	85
925	-60	90
926	-55	-90
927	-55	-85
928	-55	-80
929	-55	-75
930	-55	-70
931	-55	-65
932	-55	-60
933	-55	-55
934	-55	-50
935	-55	-45
936	-55	-40
937	-55	-35
938	-55	-30
939	-55	-25
940	-55	-20
941	-55	-15
942	-55	-10
943	-55	-5
944	-55	0
945	-55	5
946	-55	10
947	-55	15
948	-55	20
949	-55	25
950	-55	30
951	-55	35
952	-55	40
953	-55	45
954	-55	50
955	-55	55
956	-55	60
957	-55	65
958	-55	70
959	-55	75
960	-55	80
961	-55	85
962	-55	90
963	-50	-90
964	-50	-85
965	-50	-80
966	-50	-75
967	-50	-70
968	-50	-65
969	-50	-60
970	-50	-55
971	-50	-50
972	-50	-45
973	-50	-40
974	-50	-35
975	-50	-30
976	-50	-25
977	-50	-20
978	-50	-15
979	-50	-10
980	-50	-5
981	-50	0
982	-50	5
983	-50	10
984	-50	15
985	-50	20
986	-50	25
987	-50	30
988	-50	35
989	-50	40
990	-50	45
991	-50	50
992	-50	55
993	-50	60
994	-50	65
995	-50	70
996	-50	75
997	-50	80
998	-50	85
999	-50	90
1000	-45	-90
1001	-45	-85
1002	-45	-80
1003	-45	-75
1004	-45	-70
1005	-45	-65
1006	-45	-60
1007	-45	-55
1008	-45	-50
1009	-45	-45
1010	-45	-40
1011	-45	-35
1012	-45	-30
1013	-45	-25
1014	-45	-20
1015	-45	-15
1016	-45	-10
1017	-45	-5
1018	-45	0
1019	-45	5
1020	-45	10
1021	-45	15
1022	-45	20
1023	-45	25
1024	-45	30
1025	-45	35
1026	-45	40
1027	-45	45
1028	-45	50
1029	-45	55
1030	-45	60
1031	-45	65
1032	-45	70
1033	-45	75
1034	-45	80
1035	-45	85
1036	-45	90
1037	-40	-90
1038	-40	-85
1039	-40	-80
1040	-40	-75
1041	-40	-70
1042	-40	-65
1043	-40	-60
1044	-40	-55
1045	-40	-50
1046	-40	-45
1047	-40	-40
1048	-40	-35
1049	-40	-30
1050	-40	-25
1051	-40	-20
1052	-40	-15
1053	-40	-10
1054	-40	-5
1055	-40	0
1056	-40	5
1057	-40	10
1058	-40	15
1059	-40	20
1060	-40	25
1061	-40	30
1062	-40	35
1063	-40	40
1064	-40	45
1065	-40	50
1066	-40	55
1067	-40	60
1068	-40	65
1069	-40	70
1070	-40	75
1071	-40	80
1072	-40	85
1073	-40	90
1074	-35	-90
1075	-35	-85
1076	-35	-80
1077	-35	-75
1078	-35	-70
1079	-35	-65
1080	-35	-60
1081	-35	-55
1082	-35	-50
1083	-35	-45
1084	-35	-40
1085	-35	-35
1086	-35	-30
1087	-35	-25
1088	-35	-20
1089	-35	-15
1090	-35	-10
1091	-35	-5
1092	-35	0
1093	-35	5
1094	-35	10
1095	-35	15
1096	-35	20
1097	-35	25
1098	-35	30
1099	-35	35
1100	-35	40
1101	-35	45
1102	-35	50
1103	-35	55
1104	-35	60
1105	-35	65
1106	-35	70
1107	-35	75
1108	-35	80
1109	-35	85
1110	-35	90
1111	-30	-90
1112	-30	-85
1113	-30	-80
1114	-30	-75
1115	-30	-70
1116	-30	-65
1117	-30	-60
1118	-30	-55
1119	-30	-50
1120	-30	-45
1121	-30	-40
1122	-30	-35
1123	-30	-30
1124	-30	-25
1125	-30	-20
1126	-30	-15
1127	-30	-10
1128	-30	-5
1129	-30	0
1130	-30	5
1131	-30	10
1132	-30	15
1133	-30	20
1134	-30	25
1135	-30	30
1136	-30	35
1137	-30	40
1138	-30	45
1139	-30	50
1140	-30	55
1141	-30	60
1142	-30	65
1143	-30	70
1144	-30	75
1145	-30	80
1146	-30	85
1147	-30	90
1148	-25	-90
1149	-25	-85
1150	-25	-80
1151	-25	-75
1152	-25	-70
1153	-25	-65
1154	-25	-60
1155	-25	-55
1156	-25	-50
1157	-25	-45
1158	-25	-40
1159	-25	-35
1160	-25	-30
1161	-25	-25
1162	-25	-20
1163	-25	-15
1164	-25	-10
1165	-25	-5
1166	-25	0
1167	-25	5
1168	-25	10
1169	-25	15
1170	-25	20
1171	-25	25
1172	-25	30
1173	-25	35
1174	-25	40
1175	-25	45
1176	-25	50
1177	-25	55
1178	-25	60
1179	-25	65
1180	-25	70
1181	-25	75
1182	-25	80
1183	-25	85
1184	-25	90
1185	-20	-90
1186	-20	-85
1187	-20	-80
1188	-20	-75
1189	-20	-70
1190	-20	-65
1191	-20	-60
1192	-20	-55
1193	-20	-50
1194	-20	-45
1195	-20	-40
1196	-20	-35
1197	-20	-30
1198	-20	-25
1199	-20	-20
1200	-20	-15
1201	-20	-10
1202	-20	-5
1203	-20	0
1204	-20	5
1205	-20	10
1206	-20	15
1207	-20	20
1208	-20	25
1209	-20	30
1210	-20	35
1211	-20	40
1212	-20	45
1213	-20	50
1214	-20	55
1215	-20	60
1216	-20	65
1217	-20	70
1218	-20	75
1219	-20	80
1220	-20	85
1221	-20	90
1222	-15	-90
1223	-15	-85
1224	-15	-80
1225	-15	-75
1226	-15	-70
1227	-15	-65
1228	-15	-60
1229	-15	-55
1230	-15	-50
1231	-15	-45
1232	-15	-40
1233	-15	-35
1234	-15	-30
1235	-15	-25
1236	-15	-20
1237	-15	-15
1238	-15	-10
1239	-15	-5
1240	-15	0
1241	-15	5
1242	-15	10
1243	-15	15
1244	-15	20
1245	-15	25
1246	-15	30
1247	-15	35
1248	-15	40
1249	-15	45
1250	-15	50
1251	-15	55
1252	-15	60
1253	-15	65
1254	-15	70
1255	-15	75
1256	-15	80
1257	-15	85
1258	-15	90
1259	-10	-90
1260	-10	-85
1261	-10	-80
1262	-10	-75
1263	-10	-70
1264	-10	-65
1265	-10	-60
1266	-10	-55
1267	-10	-50
1268	-10	-45
1269	-10	-40
1270	-10	-35
1271	-10	-30
1272	-10	-25
1273	-10	-20
1274	-10	-15
1275	-10	-10
1276	-10	-5
1277	-10	0
1278	-10	5
1279	-10	10
1280	-10	15
1281	-10	20
1282	-10	25
1283	-10	30
1284	-10	35
1285	-10	40
1286	-10	45
1287	-10	50
1288	-10	55
1289	-10	60
1290	-10	65
1291	-10	70
1292	-10	75
1293	-10	80
1294	-10	85
1295	-10	90
1296	-5	-90
1297	-5	-85
1298	-5	-80
1299	-5	-75
1300	-5	-70
1301	-5	-65
1302	-5	-60
1303	-5	-55
1304	-5	-50
1305	-5	-45
1306	-5	-40
1307	-5	-35
1308	-5	-30
1309	-5	-25
1310	-5	-20
1311	-5	-15
1312	-5	-10
1313	-5	-5
1314	-5	0
1315	-5	5
1316	-5	10
1317	-5	15
1318	-5	20
1319	-5	25
1320	-5	30
1321	-5	35
1322	-5	40
1323	-5	45
1324	-5	50
1325	-5	55
1326	-5	60
1327	-5	65
1328	-5	70
1329	-5	75
1330	-5	80
1331	-5	85
1332	-5	90
1333	0	-90
1334	0	-85
1335	0	-80
1336	0	-75
1337	0	-70
1338	0	-65
1339	0	-60
1340	0	-55
1341	0	-50
1342	0	-45
1343	0	-40
1344	0	-35
1345	0	-30
1346	0	-25
1347	0	-20
1348	0	-15
1349	0	-10
1350	0	-5
1351	0	0
1352	0	5
1353	0	10
1354	0	15
1355	0	20
1356	0	25
1357	0	30
1358	0	35
1359	0	40
1360	0	45
1361	0	50
1362	0	55
1363	0	60
1364	0	65
1365	0	70
1366	0	75
1367	0	80
1368	0	85
1369	0	90
1370	5	-90
1371	5	-85
1372	5	-80
1373	5	-75
1374	5	-70
1375	5	-65
1376	5	-60
1377	5	-55
1378	5	-50
1379	5	-45
1380	5	-40
1381	5	-35
1382	5	-30
1383	5	-25
1384	5	-20
1385	5	-15
1386	5	-10
1387	5	-5
1388	5	0
1389	5	5
1390	5	10
1391	5	15
1392	5	20
1393	5	25
1394	5	30
1395	5	35
1396	5	40
1397	5	45
1398	5	50
1399	5	55
1400	5	60
1401	5	65
1402	5	70
1403	5	75
1404	5	80
1405	5	85
1406	5	90
1407	10	-90
1408	10	-85
1409	10	-80
1410	10	-75
1411	10	-70
1412	10	-65
1413	10	-60
1414	10	-55
1415	10	-50
1416	10	-45
1417	10	-40
1418	10	-35
1419	10	-30
1420	10	-25
1421	10	-20
1422	10	-15
1423	10	-10
1424	10	-5
1425	10	0
1426	10	5
1427	10	10
1428	10	15
1429	10	20
1430	10	25
1431	10	30
1432	10	35
1433	10	40
1434	10	45
1435	10	50
1436	10	55
1437	10	60
1438	10	65
1439	10	70
1440	10	75
1441	10	80
1442	10	85
1443	10	90
1444	15	-90
1445	15	-85
1446	15	-80
1447	15	-75
1448	15	-70
1449	15	-65
1450	15	-60
1451	15	-55
1452	15	-50
1453	15	-45
1454	15	-40
1455	15	-35
1456	15	-30
1457	15	-25
1458	15	-20
1459	15	-15
1460	15	-10
1461	15	-5
1462	15	0
1463	15	5
1464	15	10
1465	15	15
1466	15	20
1467	15	25
1468	15	30
1469	15	35
1470	15	40
1471	15	45
1472	15	50
1473	15	55
1474	15	60
1475	15	65
1476	15	70
1477	15	75
1478	15	80
1479	15	85
1480	15	90
1481	20	-90
1482	20	-85
1483	20	-80
1484	20	-75
1485	20	-70
1486	20	-65
1487	20	-60
1488	20	-55
1489	20	-50
1490	20	-45
1491	20	-40
1492	20	-35
1493	20	-30
1494	20	-25
1495	20	-20
1496	20	-15
1497	20	-10
1498	20	-5
1499	20	0
1500	20	5
1501	20	10
1502	20	15
1503	20	20
1504	20	25
1505	20	30
1506	20	35
1507	20	40
1508	20	45
1509	20	50
1510	20	55
1511	20	60
1512	20	65
1513	20	70
1514	20	75
1515	20	80
1516	20	85
1517	20	90
1518	25	-90
1519	25	-85
1520	25	-80
1521	25	-75
1522	25	-70
1523	25	-65
1524	25	-60
1525	25	-55
1526	25	-50
1527	25	-45
1528	25	-40
1529	25	-35
1530	25	-30
1531	25	-25
1532	25	-20
1533	25	-15
1534	25	-10
1535	25	-5
1536	25	0
1537	25	5
1538	25	10
1539	25	15
1540	25	20
1541	25	25
1542	25	30
1543	25	35
1544	25	40
1545	25	45
1546	25	50
1547	25	55
1548	25	60
1549	25	65
1550	25	70
1551	25	75
1552	25	80
1553	25	85
1554	25	90
1555	30	-90
1556	30	-85
1557	30	-80
1558	30	-75
1559	30	-70
1560	30	-65
1561	30	-60
1562	30	-55
1563	30	-50
1564	30	-45
1565	30	-40
1566	30	-35
1567	30	-30
1568	30	-25
1569	30	-20
1570	30	-15
1571	30	-10
1572	30	-5
1573	30	0
1574	30	5
1575	30	10
1576	30	15
1577	30	20
1578	30	25
1579	30	30
1580	30	35
1581	30	40
1582	30	45
1583	30	50
1584	30	55
1585	30	60
1586	30	65
1587	30	70
1588	30	75
1589	30	80
1590	30	85
1591	30	90
1592	35	-90
1593	35	-85
1594	35	-80
1595	35	-75
1596	35	-70
1597	35	-65
1598	35	-60
1599	35	-55
1600	35	-50
1601	35	-45
1602	35	-40
1603	35	-35
1604	35	-30
1605	35	-25
1606	35	-20
1607	35	-15
1608	35	-10
1609	35	-5
1610	35	0
1611	35	5
1612	35	10
1613	35	15
1614	35	20
1615	35	25
1616	35	30
1617	35	35
1618	35	40
1619	35	45
1620	35	50
1621	35	55
1622	35	60
1623	35	65
1624	35	70
1625	35	75
1626	35	80
1627	35	85
1628	35	90
1629	40	-90
1630	40	-85
1631	40	-80
1632	40	-75
1633	40	-70
1634	40	-65
1635	40	-60
1636	40	-55
1637	40	-50
1638	40	-45
1639	40	-40
1640	40	-35
1641	40	-30
1642	40	-25
1643	40	-20
1644	40	-15
1645	40	-10
1646	40	-5
1647	40	0
1648	40	5
1649	40	10
1650	40	15
1651	40	20
1652	40	25
1653	40	30
1654	40	35
1655	40	40
1656	40	45
1657	40	50
1658	40	55
1659	40	60
1660	40	65
1661	40	70
1662	40	75
1663	40	80
1664	40	85
1665	40	90
1666	45	-90
1667	45	-85
1668	45	-80
1669	45	-75
1670	45	-70
1671	45	-65
1672	45	-60
1673	45	-55
1674	45	-50
1675	45	-45
1676	45	-40
1677	45	-35
1678	45	-30
1679	45	-25
1680	45	-20
1681	45	-15
1682	45	-10
1683	45	-5
1684	45	0
1685	45	5
1686	45	10
1687	45	15
1688	45	20
1689	45	25
1690	45	30
1691	45	35
1692	45	40
1693	45	45
1694	45	50
1695	45	55
1696	45	60
1697	45	65
1698	45	70
1699	45	75
1700	45	80
1701	45	85
1702	45	90
1703	50	-90
1704	50	-85
1705	50	-80
1706	50	-75
1707	50	-70
1708	50	-65
1709	50	-60
1710	50	-55
1711	50	-50
1712	50	-45
1713	50	-40
1714	50	-35
1715	50	-30
1716	50	-25
1717	50	-20
1718	50	-15
1719	50	-10
1720	50	-5
1721	50	0
1722	50	5
1723	50	10
1724	50	15
1725	50	20
1726	50	25
1727	50	30
1728	50	35
1729	50	40
1730	50	45
1731	50	50
1732	50	55
1733	50	60
1734	50	65
1735	50	70
1736	50	75
1737	50	80
1738	50	85
1739	50	90
1740	55	-90
1741	55	-85
1742	55	-80
1743	55	-75
1744	55	-70
1745	55	-65
1746	55	-60
1747	55	-55
1748	55	-50
1749	55	-45
1750	55	-40
1751	55	-35
1752	55	-30
1753	55	-25
1754	55	-20
1755	55	-15
1756	55	-10
1757	55	-5
1758	55	0
1759	55	5
1760	55	10
1761	55	15
1762	55	20
1763	55	25
1764	55	30
1765	55	35
1766	55	40
1767	55	45
1768	55	50
1769	55	55
1770	55	60
1771	55	65
1772	55	70
1773	55	75
1774	55	80
1775	55	85
1776	55	90
1777	60	-90
1778	60	-85
1779	60	-80
1780	60	-75
1781	60	-70
1782	60	-65
1783	60	-60
1784	60	-55
1785	60	-50
1786	60	-45
1787	60	-40
1788	60	-35
1789	60	-30
1790	60	-25
1791	60	-20
1792	60	-15
1793	60	-10
1794	60	-5
1795	60	0
1796	60	5
1797	60	10
1798	60	15
1799	60	20
1800	60	25
1801	60	30
1802	60	35
1803	60	40
1804	60	45
1805	60	50
1806	60	55
1807	60	60
1808	60	65
1809	60	70
1810	60	75
1811	60	80
1812	60	85
1813	60	90
1814	65	-90
1815	65	-85
1816	65	-80
1817	65	-75
1818	65	-70
1819	65	-65
1820	65	-60
1821	65	-55
1822	65	-50
1823	65	-45
1824	65	-40
1825	65	-35
1826	65	-30
1827	65	-25
1828	65	-20
1829	65	-15
1830	65	-10
1831	65	-5
1832	65	0
1833	65	5
1834	65	10
1835	65	15
1836	65	20
1837	65	25
1838	65	30
1839	65	35
1840	65	40
1841	65	45
1842	65	50
1843	65	55
1844	65	60
1845	65	65
1846	65	70
1847	65	75
1848	65	80
1849	65	85
1850	65	90
1851	70	-90
1852	70	-85
1853	70	-80
1854	70	-75
1855	70	-70
1856	70	-65
1857	70	-60
1858	70	-55
1859	70	-50
1860	70	-45
1861	70	-40
1862	70	-35
1863	70	-30
1864	70	-25
1865	70	-20
1866	70	-15
1867	70	-10
1868	70	-5
1869	70	0
1870	70	5
1871	70	10
1872	70	15
1873	70	20
1874	70	25
1875	70	30
1876	70	35
1877	70	40
1878	70	45
1879	70	50
1880	70	55
1881	70	60
1882	70	65
1883	70	70
1884	70	75
1885	70	80
1886	70	85
1887	70	90
1888	75	-90
1889	75	-85
1890	75	-80
1891	75	-75
1892	75	-70
1893	75	-65
1894	75	-60
1895	75	-55
1896	75	-50
1897	75	-45
1898	75	-40
1899	75	-35
1900	75	-30
1901	75	-25
1902	75	-20
1903	75	-15
1904	75	-10
1905	75	-5
1906	75	0
1907	75	5
1908	75	10
1909	75	15
1910	75	20
1911	75	25
1912	75	30
1913	75	35
1914	75	40
1915	75	45
1916	75	50
1917	75	55
1918	75	60
1919	75	65
1920	75	70
1921	75	75
1922	75	80
1923	75	85
1924	75	90
1925	80	-90
1926	80	-85
1927	80	-80
1928	80	-75
1929	80	-70
1930	80	-65
1931	80	-60
1932	80	-55
1933	80	-50
1934	80	-45
1935	80	-40
1936	80	-35
1937	80	-30
1938	80	-25
1939	80	-20
1940	80	-15
1941	80	-10
1942	80	-5
1943	80	0
1944	80	5
1945	80	10
1946	80	15
1947	80	20
1948	80	25
1949	80	30
1950	80	35
1951	80	40
1952	80	45
1953	80	50
1954	80	55
1955	80	60
1956	80	65
1957	80	70
1958	80	75
1959	80	80
1960	80	85
1961	80	90
1962	85	-90
1963	85	-85
1964	85	-80
1965	85	-75
1966	85	-70
1967	85	-65
1968	85	-60
1969	85	-55
1970	85	-50
1971	85	-45
1972	85	-40
1973	85	-35
1974	85	-30
1975	85	-25
1976	85	-20
1977	85	-15
1978	85	-10
1979	85	-5
1980	85	0
1981	85	5
1982	85	10
1983	85	15
1984	85	20
1985	85	25
1986	85	30
1987	85	35
1988	85	40
1989	85	45
1990	85	50
1991	85	55
1992	85	60
1993	85	65
1994	85	70
1995	85	75
1996	85	80
1997	85	85
1998	85	90
1999	90	-90
2000	90	-85
2001	90	-80
2002	90	-75
2003	90	-70
2004	90	-65
2005	90	-60
2006	90	-55
2007	90	-50
2008	90	-45
2009	90	-40
2010	90	-35
2011	90	-30
2012	90	-25
2013	90	-20
2014	90	-15
2015	90	-10
2016	90	-5
2017	90	0
2018	90	5
2019	90	10
2020	90	15
2021	90	20
2022	90	25
2023	90	30
2024	90	35
2025	90	40
2026	90	45
2027	90	50
2028	90	55
2029	90	60
2030	90	65
2031	90	70
2032	90	75
2033	90	80
2034	90	85
2035	90	90
2036	95	-90
2037	95	-85
2038	95	-80
2039	95	-75
2040	95	-70
2041	95	-65
2042	95	-60
2043	95	-55
2044	95	-50
2045	95	-45
2046	95	-40
2047	95	-35
2048	95	-30
2049	95	-25
2050	95	-20
2051	95	-15
2052	95	-10
2053	95	-5
2054	95	0
2055	95	5
2056	95	10
2057	95	15
2058	95	20
2059	95	25
2060	95	30
2061	95	35
2062	95	40
2063	95	45
2064	95	50
2065	95	55
2066	95	60
2067	95	65
2068	95	70
2069	95	75
2070	95	80
2071	95	85
2072	95	90
2073	100	-90
2074	100	-85
2075	100	-80
2076	100	-75
2077	100	-70
2078	100	-65
2079	100	-60
2080	100	-55
2081	100	-50
2082	100	-45
2083	100	-40
2084	100	-35
2085	100	-30
2086	100	-25
2087	100	-20
2088	100	-15
2089	100	-10
2090	100	-5
2091	100	0
2092	100	5
2093	100	10
2094	100	15
2095	100	20
2096	100	25
2097	100	30
2098	100	35
2099	100	40
2100	100	45
2101	100	50
2102	100	55
2103	100	60
2104	100	65
2105	100	70
2106	100	75
2107	100	80
2108	100	85
2109	100	90
2110	105	-90
2111	105	-85
2112	105	-80
2113	105	-75
2114	105	-70
2115	105	-65
2116	105	-60
2117	105	-55
2118	105	-50
2119	105	-45
2120	105	-40
2121	105	-35
2122	105	-30
2123	105	-25
2124	105	-20
2125	105	-15
2126	105	-10
2127	105	-5
2128	105	0
2129	105	5
2130	105	10
2131	105	15
2132	105	20
2133	105	25
2134	105	30
2135	105	35
2136	105	40
2137	105	45
2138	105	50
2139	105	55
2140	105	60
2141	105	65
2142	105	70
2143	105	75
2144	105	80
2145	105	85
2146	105	90
2147	110	-90
2148	110	-85
2149	110	-80
2150	110	-75
2151	110	-70
2152	110	-65
2153	110	-60
2154	110	-55
2155	110	-50
2156	110	-45
2157	110	-40
2158	110	-35
2159	110	-30
2160	110	-25
2161	110	-20
2162	110	-15
2163	110	-10
2164	110	-5
2165	110	0
2166	110	5
2167	110	10
2168	110	15
2169	110	20
2170	110	25
2171	110	30
2172	110	35
2173	110	40
2174	110	45
2175	110	50
2176	110	55
2177	110	60
2178	110	65
2179	110	70
2180	110	75
2181	110	80
2182	110	85
2183	110	90
2184	115	-90
2185	115	-85
2186	115	-80
2187	115	-75
2188	115	-70
2189	115	-65
2190	115	-60
2191	115	-55
2192	115	-50
2193	115	-45
2194	115	-40
2195	115	-35
2196	115	-30
2197	115	-25
2198	115	-20
2199	115	-15
2200	115	-10
2201	115	-5
2202	115	0
2203	115	5
2204	115	10
2205	115	15
2206	115	20
2207	115	25
2208	115	30
2209	115	35
2210	115	40
2211	115	45
2212	115	50
2213	115	55
2214	115	60
2215	115	65
2216	115	70
2217	115	75
2218	115	80
2219	115	85
2220	115	90
2221	120	-90
2222	120	-85
2223	120	-80
2224	120	-75
2225	120	-70
2226	120	-65
2227	120	-60
2228	120	-55
2229	120	-50
2230	120	-45
2231	120	-40
2232	120	-35
2233	120	-30
2234	120	-25
2235	120	-20
2236	120	-15
2237	120	-10
2238	120	-5
2239	120	0
2240	120	5
2241	120	10
2242	120	15
2243	120	20
2244	120	25
2245	120	30
2246	120	35
2247	120	40
2248	120	45
2249	120	50
2250	120	55
2251	120	60
2252	120	65
2253	120	70
2254	120	75
2255	120	80
2256	120	85
2257	120	90
2258	125	-90
2259	125	-85
2260	125	-80
2261	125	-75
2262	125	-70
2263	125	-65
2264	125	-60
2265	125	-55
2266	125	-50
2267	125	-45
2268	125	-40
2269	125	-35
2270	125	-30
2271	125	-25
2272	125	-20
2273	125	-15
2274	125	-10
2275	125	-5
2276	125	0
2277	125	5
2278	125	10
2279	125	15
2280	125	20
2281	125	25
2282	125	30
2283	125	35
2284	125	40
2285	125	45
2286	125	50
2287	125	55
2288	125	60
2289	125	65
2290	125	70
2291	125	75
2292	125	80
2293	125	85
2294	125	90
2295	130	-90
2296	130	-85
2297	130	-80
2298	130	-75
2299	130	-70
2300	130	-65
2301	130	-60
2302	130	-55
2303	130	-50
2304	130	-45
2305	130	-40
2306	130	-35
2307	130	-30
2308	130	-25
2309	130	-20
2310	130	-15
2311	130	-10
2312	130	-5
2313	130	0
2314	130	5
2315	130	10
2316	130	15
2317	130	20
2318	130	25
2319	130	30
2320	130	35
2321	130	40
2322	130	45
2323	130	50
2324	130	55
2325	130	60
2326	130	65
2327	130	70
2328	130	75
2329	130	80
2330	130	85
2331	130	90
2332	135	-90
2333	135	-85
2334	135	-80
2335	135	-75
2336	135	-70
2337	135	-65
2338	135	-60
2339	135	-55
2340	135	-50
2341	135	-45
2342	135	-40
2343	135	-35
2344	135	-30
2345	135	-25
2346	135	-20
2347	135	-15
2348	135	-10
2349	135	-5
2350	135	0
2351	135	5
2352	135	10
2353	135	15
2354	135	20
2355	135	25
2356	135	30
2357	135	35
2358	135	40
2359	135	45
2360	135	50
2361	135	55
2362	135	60
2363	135	65
2364	135	70
2365	135	75
2366	135	80
2367	135	85
2368	135	90
2369	140	-90
2370	140	-85
2371	140	-80
2372	140	-75
2373	140	-70
2374	140	-65
2375	140	-60
2376	140	-55
2377	140	-50
2378	140	-45
2379	140	-40
2380	140	-35
2381	140	-30
2382	140	-25
2383	140	-20
2384	140	-15
2385	140	-10
2386	140	-5
2387	140	0
2388	140	5
2389	140	10
2390	140	15
2391	140	20
2392	140	25
2393	140	30
2394	140	35
2395	140	40
2396	140	45
2397	140	50
2398	140	55
2399	140	60
2400	140	65
2401	140	70
2402	140	75
2403	140	80
2404	140	85
2405	140	90
2406	145	-90
2407	145	-85
2408	145	-80
2409	145	-75
2410	145	-70
2411	145	-65
2412	145	-60
2413	145	-55
2414	145	-50
2415	145	-45
2416	145	-40
2417	145	-35
2418	145	-30
2419	145	-25
2420	145	-20
2421	145	-15
2422	145	-10
2423	145	-5
2424	145	0
2425	145	5
2426	145	10
2427	145	15
2428	145	20
2429	145	25
2430	145	30
2431	145	35
2432	145	40
2433	145	45
2434	145	50
2435	145	55
2436	145	60
2437	145	65
2438	145	70
2439	145	75
2440	145	80
2441	145	85
2442	145	90
2443	150	-90
2444	150	-85
2445	150	-80
2446	150	-75
2447	150	-70
2448	150	-65
2449	150	-60
2450	150	-55
2451	150	-50
2452	150	-45
2453	150	-40
2454	150	-35
2455	150	-30
2456	150	-25
2457	150	-20
2458	150	-15
2459	150	-10
2460	150	-5
2461	150	0
2462	150	5
2463	150	10
2464	150	15
2465	150	20
2466	150	25
2467	150	30
2468	150	35
2469	150	40
2470	150	45
2471	150	50
2472	150	55
2473	150	60
2474	150	65
2475	150	70
2476	150	75
2477	150	80
2478	150	85
2479	150	90
2480	155	-90
2481	155	-85
2482	155	-80
2483	155	-75
2484	155	-70
2485	155	-65
2486	155	-60
2487	155	-55
2488	155	-50
2489	155	-45
2490	155	-40
2491	155	-35
2492	155	-30
2493	155	-25
2494	155	-20
2495	155	-15
2496	155	-10
2497	155	-5
2498	155	0
2499	155	5
2500	155	10
2501	155	15
2502	155	20
2503	155	25
2504	155	30
2505	155	35
2506	155	40
2507	155	45
2508	155	50
2509	155	55
2510	155	60
2511	155	65
2512	155	70
2513	155	75
2514	155	80
2515	155	85
2516	155	90
2517	160	-90
2518	160	-85
2519	160	-80
2520	160	-75
2521	160	-70
2522	160	-65
2523	160	-60
2524	160	-55
2525	160	-50
2526	160	-45
2527	160	-40
2528	160	-35
2529	160	-30
2530	160	-25
2531	160	-20
2532	160	-15
2533	160	-10
2534	160	-5
2535	160	0
2536	160	5
2537	160	10
2538	160	15
2539	160	20
2540	160	25
2541	160	30
2542	160	35
2543	160	40
2544	160	45
2545	160	50
2546	160	55
2547	160	60
2548	160	65
2549	160	70
2550	160	75
2551	160	80
2552	160	85
2553	160	90
2554	165	-90
2555	165	-85
2556	165	-80
2557	165	-75
2558	165	-70
2559	165	-65
2560	165	-60
2561	165	-55
2562	165	-50
2563	165	-45
2564	165	-40
2565	165	-35
2566	165	-30
2567	165	-25
2568	165	-20
2569	165	-15
2570	165	-10
2571	165	-5
2572	165	0
2573	165	5
2574	165	10
2575	165	15
2576	165	20
2577	165	25
2578	165	30
2579	165	35
2580	165	40
2581	165	45
2582	165	50
2583	165	55
2584	165	60
2585	165	65
2586	165	70
2587	165	75
2588	165	80
2589	165	85
2590	165	90
2591	170	-90
2592	170	-85
2593	170	-80
2594	170	-75
2595	170	-70
2596	170	-65
2597	170	-60
2598	170	-55
2599	170	-50
2600	170	-45
2601	170	-40
2602	170	-35
2603	170	-30
2604	170	-25
2605	170	-20
2606	170	-15
2607	170	-10
2608	170	-5
2609	170	0
2610	170	5
2611	170	10
2612	170	15
2613	170	20
2614	170	25
2615	170	30
2616	170	35
2617	170	40
2618	170	45
2619	170	50
2620	170	55
2621	170	60
2622	170	65
2623	170	70
2624	170	75
2625	170	80
2626	170	85
2627	170	90
2628	175	-90
2629	175	-85
2630	175	-80
2631	175	-75
2632	175	-70
2633	175	-65
2634	175	-60
2635	175	-55
2636	175	-50
2637	175	-45
2638	175	-40
2639	175	-35
2640	175	-30
2641	175	-25
2642	175	-20
2643	175	-15
2644	175	-10
2645	175	-5
2646	175	0
2647	175	5
2648	175	10
2649	175	15
2650	175	20
2651	175	25
2652	175	30
2653	175	35
2654	175	40
2655	175	45
2656	175	50
2657	175	55
2658	175	60
2659	175	65
2660	175	70
2661	175	75
2662	175	80
2663	175	85
2664	175	90
2665	180	-90
2666	180	-85
2667	180	-80
2668	180	-75
2669	180	-70
2670	180	-65
2671	180	-60
2672	180	-55
2673	180	-50
2674	180	-45
2675	180	-40
2676	180	-35
2677	180	-30
2678	180	-25
2679	180	-20
2680	180	-15
2681	180	-10
2682	180	-5
2683	180	0
2684	180	5
2685	180	10
2686	180	15
2687	180	20
2688	180	25
2689	180	30
2690	180	35
2691	180	40
2692	180	45
2693	180	50
2694	180	55
2695	180	60
2696	180	65
2697	180	70
2698	180	75
2699	180	80
2700	180	85
2701	180	90
