1	-180	-90
2	-180	-87
3	-180	-84
4	-180	-81
5	-180	-78
6	-180	-75
7	-180	-72
8	-180	-69
9	-180	-66
10	-180	-63
11	-180	-60
12	-180	-57
13	-180	-54
14	-180	-51
15	-180	-48
16	-180	-45
17	-180	-42
18	-180	-39
19	-180	-36
20	-180	-33
21	-180	-30
22	-180	-27
23	-180	-24
24	-180	-21
25	-180	-18
26	-180	-15
27	-180	-12
28	-180	-9
29	-180	-6
30	-180	-3
31	-180	0
32	-180	3
33	-180	6
34	-180	9
35	-180	12
36	-180	15
37	-180	18
38	-180	21
39	-180	24
40	-180	27
41	-180	30
42	-180	33
43	-180	36
44	-180	39
45	-180	42
46	-180	45
47	-180	48
48	-180	51
49	-180	54
50	-180	57
51	-180	60
52	-180	63
53	-180	66
54	-180	69
55	-180	72
56	-180	75
57	-180	78
58	-180	81
59	-180	84
60	-180	87
61	-180	90
62	-177	-90
63	-177	-87
64	-177	-84
65	-177	-81
66	-177	-78
67	-177	-75
68	-177	-72
69	-177	-69
70	-177	-66
71	-177	-63
72	-177	-60
73	-177	-57
74	-177	-54
75	-177	-51
76	-177	-48
77	-177	-45
78	-177	-42
79	-177	-39
80	-177	-36
81	-177	-33
82	-177	-30
83	-177	-27
84	-177	-24
85	-177	-21
86	-177	-18
87	-177	-15
88	-177	-12
89	-177	-9
90	-177	-6
91	-177	-3
92	-177	0
93	-177	3
94	-177	6
95	-177	9
96	-177	12
97	-177	15
98	-177	18
99	-177	21
100	-177	24
101	-177	27
102	-177	30
103	-177	33
104	-177	36
105	-177	39
106	-177	42
107	-177	45
108	-177	48
109	-177	51
110	-177	54
111	-177	57
112	-177	60
113	-177	63
114	-177	66
115	-177	69
116	-177	72
117	-177	75
118	-177	78
119	-177	81
120	-177	84
121	-177	87
122	-177	90
123	-174	-90
124	-174	-87
125	-174	-84
126	-174	-81
127	-174	-78
128	-174	-75
129	-174	-72
130	-174	-69
131	-174	-66
132	-174	-63
133	-174	-60
134	-174	-57
135	-174	-54
136	-174	-51
137	-174	-48
138	-174	-45
139	-174	-42
140	-174	-39
141	-174	-36
142	-174	-33
143	-174	-30
144	-174	-27
145	-174	-24
146	-174	-21
147	-174	-18
148	-174	-15
149	-174	-12
150	-174	-9
151	-174	-6
152	-174	-3
153	-174	0
154	-174	3
155	-174	6
156	-174	9
157	-174	12
158	-174	15
159	-174	18
160	-174	21
161	-174	24
162	-174	27
163	-174	30
164	-174	33
165	-174	36
166	-174	39
167	-174	42
168	-174	45
169	-174	48
170	-174	51
171	-174	54
172	-174	57
173	-174	60
174	-174	63
175	-174	66
176	-174	69
177	-174	72
178	-174	75
179	-174	78
180	-174	81
181	-174	84
182	-174	87
183	-174	90
184	-171	-90
185	-171	-87
186	-171	-84
187	-171	-81
188	-171	-78
189	-171	-75
190	-171	-72
191	-171	-69
192	-171	-66
193	-171	-63
194	-171	-60
195	-171	-57
196	-171	-54
197	-171	-51
198	-171	-48
199	-171	-45
200	-171	-42
201	-171	-39
202	-171	-36
203	-171	-33
204	-171	-30
205	-171	-27
206	-171	-24
207	-171	-21
208	-171	-18
209	-171	-15
210	-171	-12
211	-171	-9
212	-171	-6
213	-171	-3
214	-171	0
215	-171	3
216	-171	6
217	-171	9
218	-171	12
219	-171	15
220	-171	18
221	-171	21
222	-171	24
223	-171	27
224	-171	30
225	-171	33
226	-171	36
227	-171	39
228	-171	42
229	-171	45
230	-171	48
231	-171	51
232	-171	54
233	-171	57
234	-171	60
235	-171	63
236	-171	66
237	-171	69
238	-171	72
239	-171	75
240	-171	78
241	-171	81
242	-171	84
243	-171	87
244	-171	90
245	-168	-90
246	-168	-87
247	-168	-84
248	-168	-81
249	-168	-78
250	-168	-75
251	-168	-72
252	-168	-69
253	-168	-66
254	-168	-63
255	-168	-60
256	-168	-57
257	-168	-54
258	-168	-51
259	-168	-48
260	-168	-45
261	-168	-42
262	-168	-39
263	-168	-36
264	-168	-33
265	-168	-30
266	-168	-27
267	-168	-24
268	-168	-21
269	-168	-18
270	-168	-15
271	-168	-12
272	-168	-9
273	-168	-6
274	-168	-3
275	-168	0
276	-168	3
277	-168	6
278	-168	9
279	-168	12
280	-168	15
281	-168	18
282	-168	21
283	-168	24
284	-168	27
285	-168	30
286	-168	33
287	-168	36
288	-168	39
289	-168	42
290	-168	45
291	-168	48
292	-168	51
293	-168	54
294	-168	57
295	-168	60
296	-168	63
297	-168	66
298	-168	69
299	-168	72
300	-168	75
301	-168	78
302	-168	81
303	-168	84
304	-168	87
305	-168	90
306	-165	-90
307	-165	-87
308	-165	-84
309	-165	-81
310	-165	-78
311	-165	-75
312	-165	-72
313	-165	-69
314	-165	-66
315	-165	-63
316	-165	-60
317	-165	-57
318	-165	-54
319	-165	-51
320	-165	-48
321	-165	-45
322	-165	-42
323	-165	-39
324	-165	-36
325	-165	-33
326	-165	-30
327	-165	-27
328	-165	-24
329	-165	-21
330	-165	-18
331	-165	-15
332	-165	-12
333	-165	-9
334	-165	-6
335	-165	-3
336	-165	0
337	-165	3
338	-165	6
339	-165	9
340	-165	12
341	-165	15
342	-165	18
343	-165	21
344	-165	24
345	-165	27
346	-165	30
347	-165	33
348	-165	36
349	-165	39
350	-165	42
351	-165	45
352	-165	48
353	-165	51
354	-165	54
355	-165	57
356	-165	60
357	-165	63
358	-165	66
359	-165	69
360	-165	72
361	-165	75
362	-165	78
363	-165	81
364	-165	84
365	-165	87
366	-165	90
367	-162	-90
368	-162	-87
369	-162	-84
370	-162	-81
371	-162	-78
372	-162	-75
373	-162	-72
374	-162	-69
375	-162	-66
376	-162	-63
377	-162	-60
378	-162	-57
379	-162	-54
380	-162	-51
381	-162	-48
382	-162	-45
383	-162	-42
384	-162	-39
385	-162	-36
386	-162	-33
387	-162	-30
388	-162	-27
389	-162	-24
390	-162	-21
391	-162	-18
392	-162	-15
393	-162	-12
394	-162	-9
395	-162	-6
396	-162	-3
397	-162	0
398	-162	3
399	-162	6
400	-162	9
401	-162	12
402	-162	15
403	-162	18
404	-162	21
405	-162	24
406	-162	27
407	-162	30
408	-162	33
409	-162	36
410	-162	39
411	-162	42
412	-162	45
413	-162	48
414	-162	51
415	-162	54
416	-162	57
417	-162	60
418	-162	63
419	-162	66
420	-162	69
421	-162	72
422	-162	75
423	-162	78
424	-162	81
425	-162	84
426	-162	87
427	-162	90
428	-159	-90
429	-159	-87
430	-159	-84
431	-159	-81
432	-159	-78
433	-159	-75
434	-159	-72
435	-159	-69
436	-159	-66
437	-159	-63
438	-159	-60
439	-159	-57
440	-159	-54
441	-159	-51
442	-159	-48
443	-159	-45
444	-159	-42
445	-159	-39
446	-159	-36
447	-159	-33
448	-159	-30
449	-159	-27
450	-159	-24
451	-159	-21
452	-159	-18
453	-159	-15
454	-159	-12
455	-159	-9
456	-159	-6
457	-159	-3
458	-159	0
459	-159	3
460	-159	6
461	-159	9
462	-159	12
463	-159	15
464	-159	18
465	-159	21
466	-159	24
467	-159	27
468	-159	30
469	-159	33
470	-159	36
471	-159	39
472	-159	42
473	-159	45
474	-159	48
475	-159	51
476	-159	54
477	-159	57
478	-159	60
479	-159	63
480	-159	66
481	-159	69
482	-159	72
483	-159	75
484	-159	78
485	-159	81
486	-159	84
487	-159	87
488	-159	90
489	-156	-90
490	-156	-87
491	-156	-84
492	-156	-81
493	-156	-78
494	-156	-75
495	-156	-72
496	-156	-69
497	-156	-66
498	-156	-63
499	-156	-60
500	-156	-57
501	-156	-54
502	-156	-51
503	-156	-48
504	-156	-45
505	-156	-42
506	-156	-39
507	-156	-36
508	-156	-33
509	-156	-30
510	-156	-27
511	-156	-24
512	-156	-21
513	-156	-18
514	-156	-15
515	-156	-12
516	-156	-9
517	-156	-6
518	-156	-3
519	-156	0
520	-156	3
521	-156	6
522	-156	9
523	-156	12
524	-156	15
525	-156	18
526	-156	21
527	-156	24
528	-156	27
529	-156	30
530	-156	33
531	-156	36
532	-156	39
533	-156	42
534	-156	45
535	-156	48
536	-156	51
537	-156	54
538	-156	57
539	-156	60
540	-156	63
541	-156	66
542	-156	69
543	-156	72
544	-156	75
545	-156	78
546	-156	81
547	-156	84
548	-156	87
549	-156	90
550	-153	-90
551	-153	-87
552	-153	-84
553	-153	-81
554	-153	-78
555	-153	-75
556	-153	-72
557	-153	-69
558	-153	-66
559	-153	-63
560	-153	-60
561	-153	-57
562	-153	-54
563	-153	-51
564	-153	-48
565	-153	-45
566	-153	-42
567	-153	-39
568	-153	-36
569	-153	-33
570	-153	-30
571	-153	-27
572	-153	-24
573	-153	-21
574	-153	-18
575	-153	-15
576	-153	-12
577	-153	-9
578	-153	-6
579	-153	-3
580	-153	0
581	-153	3
582	-153	6
583	-153	9
584	-153	12
585	-153	15
586	-153	18
587	-153	21
588	-153	24
589	-153	27
590	-153	30
591	-153	33
592	-153	36
593	-153	39
594	-153	42
595	-153	45
596	-153	48
597	-153	51
598	-153	54
599	-153	57
600	-153	60
601	-153	63
602	-153	66
603	-153	69
604	-153	72
605	-153	75
606	-153	78
607	-153	81
608	-153	84
609	-153	87
610	-153	90
611	-150	-90
612	-150	-87
613	-150	-84
614	-150	-81
615	-150	-78
616	-150	-75
617	-150	-72
618	-150	-69
619	-150	-66
620	-150	-63
621	-150	-60
622	-150	-57
623	-150	-54
624	-150	-51
625	-150	-48
626	-150	-45
627	-150	-42
628	-150	-39
629	-150	-36
630	-150	-33
631	-150	-30
632	-150	-27
633	-150	-24
634	-150	-21
635	-150	-18
636	-150	-15
637	-150	-12
638	-150	-9
639	-150	-6
640	-150	-3
641	-150	0
642	-150	3
643	-150	6
644	-150	9
645	-150	12
646	-150	15
647	-150	18
648	-150	21
649	-150	24
650	-150	27
651	-150	30
652	-150	33
653	-150	36
654	-150	39
655	-150	42
656	-150	45
657	-150	48
658	-150	51
659	-150	54
660	-150	57
661	-150	60
662	-150	63
663	-150	66
664	-150	69
665	-150	72
666	-150	75
667	-150	78
668	-150	81
669	-150	84
670	-150	87
671	-150	90
672	-147	-90
673	-147	-87
674	-147	-84
675	-147	-81
676	-147	-78
677	-147	-75
678	-147	-72
679	-147	-69
680	-147	-66
681	-147	-63
682	-147	-60
683	-147	-57
684	-147	-54
685	-147	-51
686	-147	-48
687	-147	-45
688	-147	-42
689	-147	-39
690	-147	-36
691	-147	-33
692	-147	-30
693	-147	-27
694	-147	-24
695	-147	-21
696	-147	-18
697	-147	-15
698	-147	-12
699	-147	-9
700	-147	-6
701	-147	-3
702	-147	0
703	-147	3
704	-147	6
705	-147	9
706	-147	12
707	-147	15
708	-147	18
709	-147	21
710	-147	24
711	-147	27
712	-147	30
713	-147	33
714	-147	36
715	-147	39
716	-147	42
717	-147	45
718	-147	48
719	-147	51
720	-147	54
721	-147	57
722	-147	60
723	-147	63
724	-147	66
725	-147	69
726	-147	72
727	-147	75
728	-147	78
729	-147	81
730	-147	84
731	-147	87
732	-147	90
733	-144	-90
734	-144	-87
735	-144	-84
736	-144	-81
737	-144	-78
738	-144	-75
739	-144	-72
740	-144	-69
741	-144	-66
742	-144	-63
743	-144	-60
744	-144	-57
745	-144	-54
746	-144	-51
747	-144	-48
748	-144	-45
749	-144	-42
750	-144	-39
751	-144	-36
752	-144	-33
753	-144	-30
754	-144	-27
755	-144	-24
756	-144	-21
757	-144	-18
758	-144	-15
759	-144	-12
760	-144	-9
761	-144	-6
762	-144	-3
763	-144	0
764	-144	3
765	-144	6
766	-144	9
767	-144	12
768	-144	15
769	-144	18
770	-144	21
771	-144	24
772	-144	27
773	-144	30
774	-144	33
775	-144	36
776	-144	39
777	-144	42
778	-144	45
779	-144	48
780	-144	51
781	-144	54
782	-144	57
783	-144	60
784	-144	63
785	-144	66
786	-144	69
787	-144	72
788	-144	75
789	-144	78
790	-144	81
791	-144	84
792	-144	87
793	-144	90
794	-141	-90
795	-141	-87
796	-141	-84
797	-141	-81
798	-141	-78
799	-141	-75
800	-141	-72
801	-141	-69
802	-141	-66
803	-141	-63
804	-141	-60
805	-141	-57
806	-141	-54
807	-141	-51
808	-141	-48
809	-141	-45
810	-141	-42
811	-141	-39
812	-141	-36
813	-141	-33
814	-141	-30
815	-141	-27
816	-141	-24
817	-141	-21
818	-141	-18
819	-141	-15
820	-141	-12
821	-141	-9
822	-141	-6
823	-141	-3
824	-141	0
825	-141	3
826	-141	6
827	-141	9
828	-141	12
829	-141	15
830	-141	18
831	-141	21
832	-141	24
833	-141	27
834	-141	30
835	-141	33
836	-141	36
837	-141	39
838	-141	42
839	-141	45
840	-141	48
841	-141	51
842	-141	54
843	-141	57
844	-141	60
845	-141	63
846	-141	66
847	-141	69
848	-141	72
849	-141	75
850	-141	78
851	-141	81
852	-141	84
853	-141	87
854	-141	90
855	-138	-90
856	-138	-87
857	-138	-84
858	-138	-81
859	-138	-78
860	-138	-75
861	-138	-72
862	-138	-69
863	-138	-66
864	-138	-63
865	-138	-60
866	-138	-57
867	-138	-54
868	-138	-51
869	-138	-48
870	-138	-45
871	-138	-42
872	-138	-39
873	-138	-36
874	-138	-33
875	-138	-30
876	-138	-27
877	-138	-24
878	-138	-21
879	-138	-18
880	-138	-15
881	-138	-12
882	-138	-9
883	-138	-6
884	-138	-3
885	-138	0
886	-138	3
887	-138	6
888	-138	9
889	-138	12
890	-138	15
891	-138	18
892	-138	21
893	-138	24
894	-138	27
895	-138	30
896	-138	33
897	-138	36
898	-138	39
899	-138	42
900	-138	45
901	-138	48
902	-138	51
903	-138	54
904	-138	57
905	-138	60
906	-138	63
907	-138	66
908	-138	69
909	-138	72
910	-138	75
911	-138	78
912	-138	81
913	-138	84
914	-138	87
915	-138	90
916	-135	-90
917	-135	-87
918	-135	-84
919	-135	-81
920	-135	-78
921	-135	-75
922	-135	-72
923	-135	-69
924	-135	-66
925	-135	-63
926	-135	-60
927	-135	-57
928	-135	-54
929	-135	-51
930	-135	-48
931	-135	-45
932	-135	-42
933	-135	-39
934	-135	-36
935	-135	-33
936	-135	-30
937	-135	-27
938	-135	-24
939	-135	-21
940	-135	-18
941	-135	-15
942	-135	-12
943	-135	-9
944	-135	-6
945	-135	-3
946	-135	0
947	-135	3
948	-135	6
949	-135	9
950	-135	12
951	-135	15
952	-135	18
953	-135	21
954	-135	24
955	-135	27
956	-135	30
957	-135	33
958	-135	36
959	-135	39
960	-135	42
961	-135	45
962	-135	48
963	-135	51
964	-135	54
965	-135	57
966	-135	60
967	-135	63
968	-135	66
969	-135	69
970	-135	72
971	-135	75
972	-135	78
973	-135	81
974	-135	84
975	-135	87
976	-135	90
977	-132	-90
978	-132	-87
979	-132	-84
980	-132	-81
981	-132	-78
982	-132	-75
983	-132	-72
984	-132	-69
985	-132	-66
986	-132	-63
987	-132	-60
988	-132	-57
989	-132	-54
990	-132	-51
991	-132	-48
992	-132	-45
993	-132	-42
994	-132	-39
995	-132	-36
996	-132	-33
997	-132	-30
998	-132	-27
999	-132	-24
1000	-132	-21
1001	-132	-18
1002	-132	-15
1003	-132	-12
1004	-132	-9
1005	-132	-6
1006	-132	-3
1007	-132	0
1008	-132	3
1009	-132	6
1010	-132	9
1011	-132	12
1012	-132	15
1013	-132	18
1014	-132	21
1015	-132	24
1016	-132	27
1017	-132	30
1018	-132	33
1019	-132	36
1020	-132	39
1021	-132	42
1022	-132	45
1023	-132	48
1024	-132	51
1025	-132	54
1026	-132	57
1027	-132	60
1028	-132	63
1029	-132	66
1030	-132	69
1031	-132	72
1032	-132	75
1033	-132	78
1034	-132	81
1035	-132	84
1036	-132	87
1037	-132	90
1038	-129	-90
1039	-129	-87
1040	-129	-84
1041	-129	-81
1042	-129	-78
1043	-129	-75
1044	-129	-72
1045	-129	-69
1046	-129	-66
1047	-129	-63
1048	-129	-60
1049	-129	-57
1050	-129	-54
1051	-129	-51
1052	-129	-48
1053	-129	-45
1054	-129	-42
1055	-129	-39
1056	-129	-36
1057	-129	-33
1058	-129	-30
1059	-129	-27
1060	-129	-24
1061	-129	-21
1062	-129	-18
1063	-129	-15
1064	-129	-12
1065	-129	-9
1066	-129	-6
1067	-129	-3
1068	-129	0
1069	-129	3
1070	-129	6
1071	-129	9
1072	-129	12
1073	-129	15
1074	-129	18
1075	-129	21
1076	-129	24
1077	-129	27
1078	-129	30
1079	-129	33
1080	-129	36
1081	-129	39
1082	-129	42
1083	-129	45
1084	-129	48
1085	-129	51
1086	-129	54
1087	-129	57
1088	-129	60
1089	-129	63
1090	-129	66
1091	-129	69
1092	-129	72
1093	-129	75
1094	-129	78
1095	-129	81
1096	-129	84
1097	-129	87
1098	-129	90
1099	-126	-90
1100	-126	-87
1101	-126	-84
1102	-126	-81
1103	-126	-78
1104	-126	-75
1105	-126	-72
1106	-126	-69
1107	-126	-66
1108	-126	-63
1109	-126	-60
1110	-126	-57
1111	-126	-54
1112	-126	-51
1113	-126	-48
1114	-126	-45
1115	-126	-42
1116	-126	-39
1117	-126	-36
1118	-126	-33
1119	-126	-30
1120	-126	-27
1121	-126	-24
1122	-126	-21
1123	-126	-18
1124	-126	-15
1125	-126	-12
1126	-126	-9
1127	-126	-6
1128	-126	-3
1129	-126	0
1130	-126	3
1131	-126	6
1132	-126	9
1133	-126	12
1134	-126	15
1135	-126	18
1136	-126	21
1137	-126	24
1138	-126	27
1139	-126	30
1140	-126	33
1141	-126	36
1142	-126	39
1143	-126	42
1144	-126	45
1145	-126	48
1146	-126	51
1147	-126	54
1148	-126	57
1149	-126	60
1150	-126	63
1151	-126	66
1152	-126	69
1153	-126	72
1154	-126	75
1155	-126	78
1156	-126	81
1157	-126	84
1158	-126	87
1159	-126	90
1160	-123	-90
1161	-123	-87
1162	-123	-84
1163	-123	-81
1164	-123	-78
1165	-123	-75
1166	-123	-72
1167	-123	-69
1168	-123	-66
1169	-123	-63
1170	-123	-60
1171	-123	-57
1172	-123	-54
1173	-123	-51
1174	-123	-48
1175	-123	-45
1176	-123	-42
1177	-123	-39
1178	-123	-36
1179	-123	-33
1180	-123	-30
1181	-123	-27
1182	-123	-24
1183	-123	-21
1184	-123	-18
1185	-123	-15
1186	-123	-12
1187	-123	-9
1188	-123	-6
1189	-123	-3
1190	-123	0
1191	-123	3
1192	-123	6
1193	-123	9
1194	-123	12
1195	-123	15
1196	-123	18
1197	-123	21
1198	-123	24
1199	-123	27
1200	-123	30
1201	-123	33
1202	-123	36
1203	-123	39
1204	-123	42
1205	-123	45
1206	-123	48
1207	-123	51
1208	-123	54
1209	-123	57
1210	-123	60
1211	-123	63
1212	-123	66
1213	-123	69
1214	-123	72
1215	-123	75
1216	-123	78
1217	-123	81
1218	-123	84
1219	-123	87
1220	-123	90
1221	-120	-90
1222	-120	-87
1223	-120	-84
1224	-120	-81
1225	-120	-78
1226	-120	-75
1227	-120	-72
1228	-120	-69
1229	-120	-66
1230	-120	-63
1231	-120	-60
1232	-120	-57
1233	-120	-54
1234	-120	-51
1235	-120	-48
1236	-120	-45
1237	-120	-42
1238	-120	-39
1239	-120	-36
1240	-120	-33
1241	-120	-30
1242	-120	-27
1243	-120	-24
1244	-120	-21
1245	-120	-18
1246	-120	-15
1247	-120	-12
1248	-120	-9
1249	-120	-6
1250	-120	-3
1251	-120	0
1252	-120	3
1253	-120	6
1254	-120	9
1255	-120	12
1256	-120	15
1257	-120	18
1258	-120	21
1259	-120	24
1260	-120	27
1261	-120	30
1262	-120	33
1263	-120	36
1264	-120	39
1265	-120	42
1266	-120	45
1267	-120	48
1268	-120	51
1269	-120	54
1270	-120	57
1271	-120	60
1272	-120	63
1273	-120	66
1274	-120	69
1275	-120	72
1276	-120	75
1277	-120	78
1278	-120	81
1279	-120	84
1280	-120	87
1281	-120	90
1282	-117	-90
1283	-117	-87
1284	-117	-84
1285	-117	-81
1286	-117	-78
1287	-117	-75
1288	-117	-72
1289	-117	-69
1290	-117	-66
1291	-117	-63
1292	-117	-60
1293	-117	-57
1294	-117	-54
1295	-117	-51
1296	-117	-48
1297	-117	-45
1298	-117	-42
1299	-117	-39
1300	-117	-36
1301	-117	-33
1302	-117	-30
1303	-117	-27
1304	-117	-24
1305	-117	-21
1306	-117	-18
1307	-117	-15
1308	-117	-12
1309	-117	-9
1310	-117	-6
1311	-117	-3
1312	-117	0
1313	-117	3
1314	-117	6
1315	-117	9
1316	-117	12
1317	-117	15
1318	-117	18
1319	-117	21
1320	-117	24
1321	-117	27
1322	-117	30
1323	-117	33
1324	-117	36
1325	-117	39
1326	-117	42
1327	-117	45
1328	-117	48
1329	-117	51
1330	-117	54
1331	-117	57
1332	-117	60
1333	-117	63
1334	-117	66
1335	-117	69
1336	-117	72
1337	-117	75
1338	-117	78
1339	-117	81
1340	-117	84
1341	-117	87
1342	-117	90
1343	-114	-90
1344	-114	-87
1345	-114	-84
1346	-114	-81
1347	-114	-78
1348	-114	-75
1349	-114	-72
1350	-114	-69
1351	-114	-66
1352	-114	-63
1353	-114	-60
1354	-114	-57
1355	-114	-54
1356	-114	-51
1357	-114	-48
1358	-114	-45
1359	-114	-42
1360	-114	-39
1361	-114	-36
1362	-114	-33
1363	-114	-30
1364	-114	-27
1365	-114	-24
1366	-114	-21
1367	-114	-18
1368	-114	-15
1369	-114	-12
1370	-114	-9
1371	-114	-6
1372	-114	-3
1373	-114	0
1374	-114	3
1375	-114	6
1376	-114	9
1377	-114	12
1378	-114	15
1379	-114	18
1380	-114	21
1381	-114	24
1382	-114	27
1383	-114	30
1384	-114	33
1385	-114	36
1386	-114	39
1387	-114	42
1388	-114	45
1389	-114	48
1390	-114	51
1391	-114	54
1392	-114	57
1393	-114	60
1394	-114	63
1395	-114	66
1396	-114	69
1397	-114	72
1398	-114	75
1399	-114	78
1400	-114	81
1401	-114	84
1402	-114	87
1403	-114	90
1404	-111	-90
1405	-111	-87
1406	-111	-84
1407	-111	-81
1408	-111	-78
1409	-111	-75
1410	-111	-72
1411	-111	-69
1412	-111	-66
1413	-111	-63
1414	-111	-60
1415	-111	-57
1416	-111	-54
1417	-111	-51
1418	-111	-48
1419	-111	-45
1420	-111	-42
1421	-111	-39
1422	-111	-36
1423	-111	-33
1424	-111	-30
1425	-111	-27
1426	-111	-24
1427	-111	-21
1428	-111	-18
1429	-111	-15
1430	-111	-12
1431	-111	-9
1432	-111	-6
1433	-111	-3
1434	-111	0
1435	-111	3
1436	-111	6
1437	-111	9
1438	-111	12
1439	-111	15
1440	-111	18
1441	-111	21
1442	-111	24
1443	-111	27
1444	-111	30
1445	-111	33
1446	-111	36
1447	-111	39
1448	-111	42
1449	-111	45
1450	-111	48
1451	-111	51
1452	-111	54
1453	-111	57
1454	-111	60
1455	-111	63
1456	-111	66
1457	-111	69
1458	-111	72
1459	-111	75
1460	-111	78
1461	-111	81
1462	-111	84
1463	-111	87
1464	-111	90
1465	-108	-90
1466	-108	-87
1467	-108	-84
1468	-108	-81
1469	-108	-78
1470	-108	-75
1471	-108	-72
1472	-108	-69
1473	-108	-66
1474	-108	-63
1475	-108	-60
1476	-108	-57
1477	-108	-54
1478	-108	-51
1479	-108	-48
1480	-108	-45
1481	-108	-42
1482	-108	-39
1483	-108	-36
1484	-108	-33
1485	-108	-30
1486	-108	-27
1487	-108	-24
1488	-108	-21
1489	-108	-18
1490	-108	-15
1491	-108	-12
1492	-108	-9
1493	-108	-6
1494	-108	-3
1495	-108	0
1496	-108	3
1497	-108	6
1498	-108	9
1499	-108	12
1500	-108	15
1501	-108	18
1502	-108	21
1503	-108	24
1504	-108	27
1505	-108	30
1506	-108	33
1507	-108	36
1508	-108	39
1509	-108	42
1510	-108	45
1511	-108	48
1512	-108	51
1513	-108	54
1514	-108	57
1515	-108	60
1516	-108	63
1517	-108	66
1518	-108	69
1519	-108	72
1520	-108	75
1521	-108	78
1522	-108	81
1523	-108	84
1524	-108	87
1525	-108	90
1526	-105	-90
1527	-105	-87
1528	-105	-84
1529	-105	-81
1530	-105	-78
1531	-105	-75
1532	-105	-72
1533	-105	-69
1534	-105	-66
1535	-105	-63
1536	-105	-60
1537	-105	-57
1538	-105	-54
1539	-105	-51
1540	-105	-48
1541	-105	-45
1542	-105	-42
1543	-105	-39
1544	-105	-36
1545	-105	-33
1546	-105	-30
1547	-105	-27
1548	-105	-24
1549	-105	-21
1550	-105	-18
1551	-105	-15
1552	-105	-12
1553	-105	-9
1554	-105	-6
1555	-105	-3
1556	-105	0
1557	-105	3
1558	-105	6
1559	-105	9
1560	-105	12
1561	-105	15
1562	-105	18
1563	-105	21
1564	-105	24
1565	-105	27
1566	-105	30
1567	-105	33
1568	-105	36
1569	-105	39
1570	-105	42
1571	-105	45
1572	-105	48
1573	-105	51
1574	-105	54
1575	-105	57
1576	-105	60
1577	-105	63
1578	-105	66
1579	-105	69
1580	-105	72
1581	-105	75
1582	-105	78
1583	-105	81
1584	-105	84
1585	-105	87
1586	-105	90
1587	-102	-90
1588	-102	-87
1589	-102	-84
1590	-102	-81
1591	-102	-78
1592	-102	-75
1593	-102	-72
1594	-102	-69
1595	-102	-66
1596	-102	-63
1597	-102	-60
1598	-102	-57
1599	-102	-54
1600	-102	-51
1601	-102	-48
1602	-102	-45
1603	-102	-42
1604	-102	-39
1605	-102	-36
1606	-102	-33
1607	-102	-30
1608	-102	-27
1609	-102	-24
1610	-102	-21
1611	-102	-18
1612	-102	-15
1613	-102	-12
1614	-102	-9
1615	-102	-6
1616	-102	-3
1617	-102	0
1618	-102	3
1619	-102	6
1620	-102	9
1621	-102	12
1622	-102	15
1623	-102	18
1624	-102	21
1625	-102	24
1626	-102	27
1627	-102	30
1628	-102	33
1629	-102	36
1630	-102	39
1631	-102	42
1632	-102	45
1633	-102	48
1634	-102	51
1635	-102	54
1636	-102	57
1637	-102	60
1638	-102	63
1639	-102	66
1640	-102	69
1641	-102	72
1642	-102	75
1643	-102	78
1644	-102	81
1645	-102	84
1646	-102	87
1647	-102	90
1648	-99	-90
1649	-99	-87
1650	-99	-84
1651	-99	-81
1652	-99	-78
1653	-99	-75
1654	-99	-72
1655	-99	-69
1656	-99	-66
1657	-99	-63
1658	-99	-60
1659	-99	-57
1660	-99	-54
1661	-99	-51
1662	-99	-48
1663	-99	-45
1664	-99	-42
1665	-99	-39
1666	-99	-36
1667	-99	-33
1668	-99	-30
1669	-99	-27
1670	-99	-24
1671	-99	-21
1672	-99	-18
1673	-99	-15
1674	-99	-12
1675	-99	-9
1676	-99	-6
1677	-99	-3
1678	-99	0
1679	-99	3
1680	-99	6
1681	-99	9
1682	-99	12
1683	-99	15
1684	-99	18
1685	-99	21
1686	-99	24
1687	-99	27
1688	-99	30
1689	-99	33
1690	-99	36
1691	-99	39
1692	-99	42
1693	-99	45
1694	-99	48
1695	-99	51
1696	-99	54
1697	-99	57
1698	-99	60
1699	-99	63
1700	-99	66
1701	-99	69
1702	-99	72
1703	-99	75
1704	-99	78
1705	-99	81
1706	-99	84
1707	-99	87
1708	-99	90
1709	-96	-90
1710	-96	-87
1711	-96	-84
1712	-96	-81
1713	-96	-78
1714	-96	-75
1715	-96	-72
1716	-96	-69
1717	-96	-66
1718	-96	-63
1719	-96	-60
1720	-96	-57
1721	-96	-54
1722	-96	-51
1723	-96	-48
1724	-96	-45
1725	-96	-42
1726	-96	-39
1727	-96	-36
1728	-96	-33
1729	-96	-30
1730	-96	-27
1731	-96	-24
1732	-96	-21
1733	-96	-18
1734	-96	-15
1735	-96	-12
1736	-96	-9
1737	-96	-6
1738	-96	-3
1739	-96	0
1740	-96	3
1741	-96	6
1742	-96	9
1743	-96	12
1744	-96	15
1745	-96	18
1746	-96	21
1747	-96	24
1748	-96	27
1749	-96	30
1750	-96	33
1751	-96	36
1752	-96	39
1753	-96	42
1754	-96	45
1755	-96	48
1756	-96	51
1757	-96	54
1758	-96	57
1759	-96	60
1760	-96	63
1761	-96	66
1762	-96	69
1763	-96	72
1764	-96	75
1765	-96	78
1766	-96	81
1767	-96	84
1768	-96	87
1769	-96	90
1770	-93	-90
1771	-93	-87
1772	-93	-84
1773	-93	-81
1774	-93	-78
1775	-93	-75
1776	-93	-72
1777	-93	-69
1778	-93	-66
1779	-93	-63
1780	-93	-60
1781	-93	-57
1782	-93	-54
1783	-93	-51
1784	-93	-48
1785	-93	-45
1786	-93	-42
1787	-93	-39
1788	-93	-36
1789	-93	-33
1790	-93	-30
1791	-93	-27
1792	-93	-24
1793	-93	-21
1794	-93	-18
1795	-93	-15
1796	-93	-12
1797	-93	-9
1798	-93	-6
1799	-93	-3
1800	-93	0
1801	-93	3
1802	-93	6
1803	-93	9
1804	-93	12
1805	-93	15
1806	-93	18
1807	-93	21
1808	-93	24
1809	-93	27
1810	-93	30
1811	-93	33
1812	-93	36
1813	-93	39
1814	-93	42
1815	-93	45
1816	-93	48
1817	-93	51
1818	-93	54
1819	-93	57
1820	-93	60
1821	-93	63
1822	-93	66
1823	-93	69
1824	-93	72
1825	-93	75
1826	-93	78
1827	-93	81
1828	-93	84
1829	-93	87
1830	-93	90
1831	-90	-90
1832	-90	-87
1833	-90	-84
1834	-90	-81
1835	-90	-78
1836	-90	-75
1837	-90	-72
1838	-90	-69
1839	-90	-66
1840	-90	-63
1841	-90	-60
1842	-90	-57
1843	-90	-54
1844	-90	-51
1845	-90	-48
1846	-90	-45
1847	-90	-42
1848	-90	-39
1849	-90	-36
1850	-90	-33
1851	-90	-30
1852	-90	-27
1853	-90	-24
1854	-90	-21
1855	-90	-18
1856	-90	-15
1857	-90	-12
1858	-90	-9
1859	-90	-6
1860	-90	-3
1861	-90	0
1862	-90	3
1863	-90	6
1864	-90	9
1865	-90	12
1866	-90	15
1867	-90	18
1868	-90	21
1869	-90	24
1870	-90	27
1871	-90	30
1872	-90	33
1873	-90	36
1874	-90	39
1875	-90	42
1876	-90	45
1877	-90	48
1878	-90	51
1879	-90	54
1880	-90	57
1881	-90	60
1882	-90	63
1883	-90	66
1884	-90	69
1885	-90	72
1886	-90	75
1887	-90	78
1888	-90	81
1889	-90	84
1890	-90	87
1891	-90	90
1892	-87	-90
1893	-87	-87
1894	-87	-84
1895	-87	-81
1896	-87	-78
1897	-87	-75
1898	-87	-72
1899	-87	-69
1900	-87	-66
1901	-87	-63
1902	-87	-60
1903	-87	-57
1904	-87	-54
1905	-87	-51
1906	-87	-48
1907	-87	-45
1908	-87	-42
1909	-87	-39
1910	-87	-36
1911	-87	-33
1912	-87	-30
1913	-87	-27
1914	-87	-24
1915	-87	-21
1916	-87	-18
1917	-87	-15
1918	-87	-12
1919	-87	-9
1920	-87	-6
1921	-87	-3
1922	-87	0
1923	-87	3
1924	-87	6
1925	-87	9
1926	-87	12
1927	-87	15
1928	-87	18
1929	-87	21
1930	-87	24
1931	-87	27
1932	-87	30
1933	-87	33
1934	-87	36
1935	-87	39
1936	-87	42
1937	-87	45
1938	-87	48
1939	-87	51
1940	-87	54
1941	-87	57
1942	-87	60
1943	-87	63
1944	-87	66
1945	-87	69
1946	-87	72
1947	-87	75
1948	-87	78
1949	-87	81
1950	-87	84
1951	-87	87
1952	-87	90
1953	-84	-90
1954	-84	-87
1955	-84	-84
1956	-84	-81
1957	-84	-78
1958	-84	-75
1959	-84	-72
1960	-84	-69
1961	-84	-66
1962	-84	-63
1963	-84	-60
1964	-84	-57
1965	-84	-54
1966	-84	-51
1967	-84	-48
1968	-84	-45
1969	-84	-42
1970	-84	-39
1971	-84	-36
1972	-84	-33
1973	-84	-30
1974	-84	-27
1975	-84	-24
1976	-84	-21
1977	-84	-18
1978	-84	-15
1979	-84	-12
1980	-84	-9
1981	-84	-6
1982	-84	-3
1983	-84	0
1984	-84	3
1985	-84	6
1986	-84	9
1987	-84	12
1988	-84	15
1989	-84	18
1990	-84	21
1991	-84	24
1992	-84	27
1993	-84	30
1994	-84	33
1995	-84	36
1996	-84	39
1997	-84	42
1998	-84	45
1999	-84	48
2000	-84	51
2001	-84	54
2002	-84	57
2003	-84	60
2004	-84	63
2005	-84	66
2006	-84	69
2007	-84	72
2008	-84	75
2009	-84	78
2010	-84	81
2011	-84	84
2012	-84	87
2013	-84	90
2014	-81	-90
2015	-81	-87
2016	-81	-84
2017	-81	-81
2018	-81	-78
2019	-81	-75
2020	-81	-72
2021	-81	-69
2022	-81	-66
2023	-81	-63
2024	-81	-60
2025	-81	-57
2026	-81	-54
2027	-81	-51
2028	-81	-48
2029	-81	-45
2030	-81	-42
2031	-81	-39
2032	-81	-36
2033	-81	-33
2034	-81	-30
2035	-81	-27
2036	-81	-24
2037	-81	-21
2038	-81	-18
2039	-81	-15
2040	-81	-12
2041	-81	-9
2042	-81	-6
2043	-81	-3
2044	-81	0
2045	-81	3
2046	-81	6
2047	-81	9
2048	-81	12
2049	-81	15
2050	-81	18
2051	-81	21
2052	-81	24
2053	-81	27
2054	-81	30
2055	-81	33
2056	-81	36
2057	-81	39
2058	-81	42
2059	-81	45
2060	-81	48
2061	-81	51
2062	-81	54
2063	-81	57
2064	-81	60
2065	-81	63
2066	-81	66
2067	-81	69
2068	-81	72
2069	-81	75
2070	-81	78
2071	-81	81
2072	-81	84
2073	-81	87
2074	-81	90
2075	-78	-90
2076	-78	-87
2077	-78	-84
2078	-78	-81
2079	-78	-78
2080	-78	-75
2081	-78	-72
2082	-78	-69
2083	-78	-66
2084	-78	-63
2085	-78	-60
2086	-78	-57
2087	-78	-54
2088	-78	-51
2089	-78	-48
2090	-78	-45
2091	-78	-42
2092	-78	-39
2093	-78	-36
2094	-78	-33
2095	-78	-30
2096	-78	-27
2097	-78	-24
2098	-78	-21
2099	-78	-18
2100	-78	-15
2101	-78	-12
2102	-78	-9
2103	-78	-6
2104	-78	-3
2105	-78	0
2106	-78	3
2107	-78	6
2108	-78	9
2109	-78	12
2110	-78	15
2111	-78	18
2112	-78	21
2113	-78	24
2114	-78	27
2115	-78	30
2116	-78	33
2117	-78	36
2118	-78	39
2119	-78	42
2120	-78	45
2121	-78	48
2122	-78	51
2123	-78	54
2124	-78	57
2125	-78	60
2126	-78	63
2127	-78	66
2128	-78	69
2129	-78	72
2130	-78	75
2131	-78	78
2132	-78	81
2133	-78	84
2134	-78	87
2135	-78	90
2136	-75	-90
2137	-75	-87
2138	-75	-84
2139	-75	-81
2140	-75	-78
2141	-75	-75
2142	-75	-72
2143	-75	-69
2144	-75	-66
2145	-75	-63
2146	-75	-60
2147	-75	-57
2148	-75	-54
2149	-75	-51
2150	-75	-48
2151	-75	-45
2152	-75	-42
2153	-75	-39
2154	-75	-36
2155	-75	-33
2156	-75	-30
2157	-75	-27
2158	-75	-24
2159	-75	-21
2160	-75	-18
2161	-75	-15
2162	-75	-12
2163	-75	-9
2164	-75	-6
2165	-75	-3
2166	-75	0
2167	-75	3
2168	-75	6
2169	-75	9
2170	-75	12
2171	-75	15
2172	-75	18
2173	-75	21
2174	-75	24
2175	-75	27
2176	-75	30
2177	-75	33
2178	-75	36
2179	-75	39
2180	-75	42
2181	-75	45
2182	-75	48
2183	-75	51
2184	-75	54
2185	-75	57
2186	-75	60
2187	-75	63
2188	-75	66
2189	-75	69
2190	-75	72
2191	-75	75
2192	-75	78
2193	-75	81
2194	-75	84
2195	-75	87
2196	-75	90
2197	-72	-90
2198	-72	-87
2199	-72	-84
2200	-72	-81
2201	-72	-78
2202	-72	-75
2203	-72	-72
2204	-72	-69
2205	-72	-66
2206	-72	-63
2207	-72	-60
2208	-72	-57
2209	-72	-54
2210	-72	-51
2211	-72	-48
2212	-72	-45
2213	-72	-42
2214	-72	-39
2215	-72	-36
2216	-72	-33
2217	-72	-30
2218	-72	-27
2219	-72	-24
2220	-72	-21
2221	-72	-18
2222	-72	-15
2223	-72	-12
2224	-72	-9
2225	-72	-6
2226	-72	-3
2227	-72	0
2228	-72	3
2229	-72	6
2230	-72	9
2231	-72	12
2232	-72	15
2233	-72	18
2234	-72	21
2235	-72	24
2236	-72	27
2237	-72	30
2238	-72	33
2239	-72	36
2240	-72	39
2241	-72	42
2242	-72	45
2243	-72	48
2244	-72	51
2245	-72	54
2246	-72	57
2247	-72	60
2248	-72	63
2249	-72	66
2250	-72	69
2251	-72	72
2252	-72	75
2253	-72	78
2254	-72	81
2255	-72	84
2256	-72	87
2257	-72	90
2258	-69	-90
2259	-69	-87
2260	-69	-84
2261	-69	-81
2262	-69	-78
2263	-69	-75
2264	-69	-72
2265	-69	-69
2266	-69	-66
2267	-69	-63
2268	-69	-60
2269	-69	-57
2270	-69	-54
2271	-69	-51
2272	-69	-48
2273	-69	-45
2274	-69	-42
2275	-69	-39
2276	-69	-36
2277	-69	-33
2278	-69	-30
2279	-69	-27
2280	-69	-24
2281	-69	-21
2282	-69	-18
2283	-69	-15
2284	-69	-12
2285	-69	-9
2286	-69	-6
2287	-69	-3
2288	-69	0
2289	-69	3
2290	-69	6
2291	-69	9
2292	-69	12
2293	-69	15
2294	-69	18
2295	-69	21
2296	-69	24
2297	-69	27
2298	-69	30
2299	-69	33
2300	-69	36
2301	-69	39
2302	-69	42
2303	-69	45
2304	-69	48
2305	-69	51
2306	-69	54
2307	-69	57
2308	-69	60
2309	-69	63
2310	-69	66
2311	-69	69
2312	-69	72
2313	-69	75
2314	-69	78
2315	-69	81
2316	-69	84
2317	-69	87
2318	-69	90
2319	-66	-90
2320	-66	-87
2321	-66	-84
2322	-66	-81
2323	-66	-78
2324	-66	-75
2325	-66	-72
2326	-66	-69
2327	-66	-66
2328	-66	-63
2329	-66	-60
2330	-66	-57
2331	-66	-54
2332	-66	-51
2333	-66	-48
2334	-66	-45
2335	-66	-42
2336	-66	-39
2337	-66	-36
2338	-66	-33
2339	-66	-30
2340	-66	-27
2341	-66	-24
2342	-66	-21
2343	-66	-18
2344	-66	-15
2345	-66	-12
2346	-66	-9
2347	-66	-6
2348	-66	-3
2349	-66	0
2350	-66	3
2351	-66	6
2352	-66	9
2353	-66	12
2354	-66	15
2355	-66	18
2356	-66	21
2357	-66	24
2358	-66	27
2359	-66	30
2360	-66	33
2361	-66	36
2362	-66	39
2363	-66	42
2364	-66	45
2365	-66	48
2366	-66	51
2367	-66	54
2368	-66	57
2369	-66	60
2370	-66	63
2371	-66	66
2372	-66	69
2373	-66	72
2374	-66	75
2375	-66	78
2376	-66	81
2377	-66	84
2378	-66	87
2379	-66	90
2380	-63	-90
2381	-63	-87
2382	-63	-84
2383	-63	-81
2384	-63	-78
2385	-63	-75
2386	-63	-72
2387	-63	-69
2388	-63	-66
2389	-63	-63
2390	-63	-60
2391	-63	-57
2392	-63	-54
2393	-63	-51
2394	-63	-48
2395	-63	-45
2396	-63	-42
2397	-63	-39
2398	-63	-36
2399	-63	-33
2400	-63	-30
2401	-63	-27
2402	-63	-24
2403	-63	-21
2404	-63	-18
2405	-63	-15
2406	-63	-12
2407	-63	-9
2408	-63	-6
2409	-63	-3
2410	-63	0
2411	-63	3
2412	-63	6
2413	-63	9
2414	-63	12
2415	-63	15
2416	-63	18
2417	-63	21
2418	-63	24
2419	-63	27
2420	-63	30
2421	-63	33
2422	-63	36
2423	-63	39
2424	-63	42
2425	-63	45
2426	-63	48
2427	-63	51
2428	-63	54
2429	-63	57
2430	-63	60
2431	-63	63
2432	-63	66
2433	-63	69
2434	-63	72
2435	-63	75
2436	-63	78
2437	-63	81
2438	-63	84
2439	-63	87
2440	-63	90
2441	-60	-90
2442	-60	-87
2443	-60	-84
2444	-60	-81
2445	-60	-78
2446	-60	-75
2447	-60	-72
2448	-60	-69
2449	-60	-66
2450	-60	-63
2451	-60	-60
2452	-60	-57
2453	-60	-54
2454	-60	-51
2455	-60	-48
2456	-60	-45
2457	-60	-42
2458	-60	-39
2459	-60	-36
2460	-60	-33
2461	-60	-30
2462	-60	-27
2463	-60	-24
2464	-60	-21
2465	-60	-18
2466	-60	-15
2467	-60	-12
2468	-60	-9
2469	-60	-6
2470	-60	-3
2471	-60	0
2472	-60	3
2473	-60	6
2474	-60	9
2475	-60	12
2476	-60	15
2477	-60	18
2478	-60	21
2479	-60	24
2480	-60	27
2481	-60	30
2482	-60	33
2483	-60	36
2484	-60	39
2485	-60	42
2486	-60	45
2487	-60	48
2488	-60	51
2489	-60	54
2490	-60	57
2491	-60	60
2492	-60	63
2493	-60	66
2494	-60	69
2495	-60	72
2496	-60	75
2497	-60	78
2498	-60	81
2499	-60	84
2500	-60	87
2501	-60	90
2502	-57	-90
2503	-57	-87
2504	-57	-84
2505	-57	-81
2506	-57	-78
2507	-57	-75
2508	-57	-72
2509	-57	-69
2510	-57	-66
2511	-57	-63
2512	-57	-60
2513	-57	-57
2514	-57	-54
2515	-57	-51
2516	-57	-48
2517	-57	-45
2518	-57	-42
2519	-57	-39
2520	-57	-36
2521	-57	-33
2522	-57	-30
2523	-57	-27
2524	-57	-24
2525	-57	-21
2526	-57	-18
2527	-57	-15
2528	-57	-12
2529	-57	-9
2530	-57	-6
2531	-57	-3
2532	-57	0
2533	-57	3
2534	-57	6
2535	-57	9
2536	-57	12
2537	-57	15
2538	-57	18
2539	-57	21
2540	-57	24
2541	-57	27
2542	-57	30
2543	-57	33
2544	-57	36
2545	-57	39
2546	-57	42
2547	-57	45
2548	-57	48
2549	-57	51
2550	-57	54
2551	-57	57
2552	-57	60
2553	-57	63
2554	-57	66
2555	-57	69
2556	-57	72
2557	-57	75
2558	-57	78
2559	-57	81
2560	-57	84
2561	-57	87
2562	-57	90
2563	-54	-90
2564	-54	-87
2565	-54	-84
2566	-54	-81
2567	-54	-78
2568	-54	-75
2569	-54	-72
2570	-54	-69
2571	-54	-66
2572	-54	-63
2573	-54	-60
2574	-54	-57
2575	-54	-54
2576	-54	-51
2577	-54	-48
2578	-54	-45
2579	-54	-42
2580	-54	-39
2581	-54	-36
2582	-54	-33
2583	-54	-30
2584	-54	-27
2585	-54	-24
2586	-54	-21
2587	-54	-18
2588	-54	-15
2589	-54	-12
2590	-54	-9
2591	-54	-6
2592	-54	-3
2593	-54	0
2594	-54	3
2595	-54	6
2596	-54	9
2597	-54	12
2598	-54	15
2599	-54	18
2600	-54	21
2601	-54	24
2602	-54	27
2603	-54	30
2604	-54	33
2605	-54	36
2606	-54	39
2607	-54	42
2608	-54	45
2609	-54	48
2610	-54	51
2611	-54	54
2612	-54	57
2613	-54	60
2614	-54	63
2615	-54	66
2616	-54	69
2617	-54	72
2618	-54	75
2619	-54	78
2620	-54	81
2621	-54	84
2622	-54	87
2623	-54	90
2624	-51	-90
2625	-51	-87
2626	-51	-84
2627	-51	-81
2628	-51	-78
2629	-51	-75
2630	-51	-72
2631	-51	-69
2632	-51	-66
2633	-51	-63
2634	-51	-60
2635	-51	-57
2636	-51	-54
2637	-51	-51
2638	-51	-48
2639	-51	-45
2640	-51	-42
2641	-51	-39
2642	-51	-36
2643	-51	-33
2644	-51	-30
2645	-51	-27
2646	-51	-24
2647	-51	-21
2648	-51	-18
2649	-51	-15
2650	-51	-12
2651	-51	-9
2652	-51	-6
2653	-51	-3
2654	-51	0
2655	-51	3
2656	-51	6
2657	-51	9
2658	-51	12
2659	-51	15
2660	-51	18
2661	-51	21
2662	-51	24
2663	-51	27
2664	-51	30
2665	-51	33
2666	-51	36
2667	-51	39
2668	-51	42
2669	-51	45
2670	-51	48
2671	-51	51
2672	-51	54
2673	-51	57
2674	-51	60
2675	-51	63
2676	-51	66
2677	-51	69
2678	-51	72
2679	-51	75
2680	-51	78
2681	-51	81
2682	-51	84
2683	-51	87
2684	-51	90
2685	-48	-90
2686	-48	-87
2687	-48	-84
2688	-48	-81
2689	-48	-78
2690	-48	-75
2691	-48	-72
2692	-48	-69
2693	-48	-66
2694	-48	-63
2695	-48	-60
2696	-48	-57
2697	-48	-54
2698	-48	-51
2699	-48	-48
2700	-48	-45
2701	-48	-42
2702	-48	-39
2703	-48	-36
2704	-48	-33
2705	-48	-30
2706	-48	-27
2707	-48	-24
2708	-48	-21
2709	-48	-18
2710	-48	-15
2711	-48	-12
2712	-48	-9
2713	-48	-6
2714	-48	-3
2715	-48	0
2716	-48	3
2717	-48	6
2718	-48	9
2719	-48	12
2720	-48	15
2721	-48	18
2722	-48	21
2723	-48	24
2724	-48	27
2725	-48	30
2726	-48	33
2727	-48	36
2728	-48	39
2729	-48	42
2730	-48	45
2731	-48	48
2732	-48	51
2733	-48	54
2734	-48	57
2735	-48	60
2736	-48	63
2737	-48	66
2738	-48	69
2739	-48	72
2740	-48	75
2741	-48	78
2742	-48	81
2743	-48	84
2744	-48	87
2745	-48	90
2746	-45	-90
2747	-45	-87
2748	-45	-84
2749	-45	-81
2750	-45	-78
2751	-45	-75
2752	-45	-72
2753	-45	-69
2754	-45	-66
2755	-45	-63
2756	-45	-60
2757	-45	-57
2758	-45	-54
2759	-45	-51
2760	-45	-48
2761	-45	-45
2762	-45	-42
2763	-45	-39
2764	-45	-36
2765	-45	-33
2766	-45	-30
2767	-45	-27
2768	-45	-24
2769	-45	-21
2770	-45	-18
2771	-45	-15
2772	-45	-12
2773	-45	-9
2774	-45	-6
2775	-45	-3
2776	-45	0
2777	-45	3
2778	-45	6
2779	-45	9
2780	-45	12
2781	-45	15
2782	-45	18
2783	-45	21
2784	-45	24
2785	-45	27
2786	-45	30
2787	-45	33
2788	-45	36
2789	-45	39
2790	-45	42
2791	-45	45
2792	-45	48
2793	-45	51
2794	-45	54
2795	-45	57
2796	-45	60
2797	-45	63
2798	-45	66
2799	-45	69
2800	-45	72
2801	-45	75
2802	-45	78
2803	-45	81
2804	-45	84
2805	-45	87
2806	-45	90
2807	-42	-90
2808	-42	-87
2809	-42	-84
2810	-42	-81
2811	-42	-78
2812	-42	-75
2813	-42	-72
2814	-42	-69
2815	-42	-66
2816	-42	-63
2817	-42	-60
2818	-42	-57
2819	-42	-54
2820	-42	-51
2821	-42	-48
2822	-42	-45
2823	-42	-42
2824	-42	-39
2825	-42	-36
2826	-42	-33
2827	-42	-30
2828	-42	-27
2829	-42	-24
2830	-42	-21
2831	-42	-18
2832	-42	-15
2833	-42	-12
2834	-42	-9
2835	-42	-6
2836	-42	-3
2837	-42	0
2838	-42	3
2839	-42	6
2840	-42	9
2841	-42	12
2842	-42	15
2843	-42	18
2844	-42	21
2845	-42	24
2846	-42	27
2847	-42	30
2848	-42	33
2849	-42	36
2850	-42	39
2851	-42	42
2852	-42	45
2853	-42	48
2854	-42	51
2855	-42	54
2856	-42	57
2857	-42	60
2858	-42	63
2859	-42	66
2860	-42	69
2861	-42	72
2862	-42	75
2863	-42	78
2864	-42	81
2865	-42	84
2866	-42	87
2867	-42	90
2868	-39	-90
2869	-39	-87
2870	-39	-84
2871	-39	-81
2872	-39	-78
2873	-39	-75
2874	-39	-72
2875	-39	-69
2876	-39	-66
2877	-39	-63
2878	-39	-60
2879	-39	-57
2880	-39	-54
2881	-39	-51
2882	-39	-48
2883	-39	-45
2884	-39	-42
2885	-39	-39
2886	-39	-36
2887	-39	-33
2888	-39	-30
2889	-39	-27
2890	-39	-24
2891	-39	-21
2892	-39	-18
2893	-39	-15
2894	-39	-12
2895	-39	-9
2896	-39	-6
2897	-39	-3
2898	-39	0
2899	-39	3
2900	-39	6
2901	-39	9
2902	-39	12
2903	-39	15
2904	-39	18
2905	-39	21
2906	-39	24
2907	-39	27
2908	-39	30
2909	-39	33
2910	-39	36
2911	-39	39
2912	-39	42
2913	-39	45
2914	-39	48
2915	-39	51
2916	-39	54
2917	-39	57
2918	-39	60
2919	-39	63
2920	-39	66
2921	-39	69
2922	-39	72
2923	-39	75
2924	-39	78
2925	-39	81
2926	-39	84
2927	-39	87
2928	-39	90
2929	-36	-90
2930	-36	-87
2931	-36	-84
2932	-36	-81
2933	-36	-78
2934	-36	-75
2935	-36	-72
2936	-36	-69
2937	-36	-66
2938	-36	-63
2939	-36	-60
2940	-36	-57
2941	-36	-54
2942	-36	-51
2943	-36	-48
2944	-36	-45
2945	-36	-42
2946	-36	-39
2947	-36	-36
2948	-36	-33
2949	-36	-30
2950	-36	-27
2951	-36	-24
2952	-36	-21
2953	-36	-18
2954	-36	-15
2955	-36	-12
2956	-36	-9
2957	-36	-6
2958	-36	-3
2959	-36	0
2960	-36	3
2961	-36	6
2962	-36	9
2963	-36	12
2964	-36	15
2965	-36	18
2966	-36	21
2967	-36	24
2968	-36	27
2969	-36	30
2970	-36	33
2971	-36	36
2972	-36	39
2973	-36	42
2974	-36	45
2975	-36	48
2976	-36	51
2977	-36	54
2978	-36	57
2979	-36	60
2980	-36	63
2981	-36	66
2982	-36	69
2983	-36	72
2984	-36	75
2985	-36	78
2986	-36	81
2987	-36	84
2988	-36	87
2989	-36	90
2990	-33	-90
2991	-33	-87
2992	-33	-84
2993	-33	-81
2994	-33	-78
2995	-33	-75
2996	-33	-72
2997	-33	-69
2998	-33	-66
2999	-33	-63
3000	-33	-60
3001	-33	-57
3002	-33	-54
3003	-33	-51
3004	-33	-48
3005	-33	-45
3006	-33	-42
3007	-33	-39
3008	-33	-36
3009	-33	-33
3010	-33	-30
3011	-33	-27
3012	-33	-24
3013	-33	-21
3014	-33	-18
3015	-33	-15
3016	-33	-12
3017	-33	-9
3018	-33	-6
3019	-33	-3
3020	-33	0
3021	-33	3
3022	-33	6
3023	-33	9
3024	-33	12
3025	-33	15
3026	-33	18
3027	-33	21
3028	-33	24
3029	-33	27
3030	-33	30
3031	-33	33
3032	-33	36
3033	-33	39
3034	-33	42
3035	-33	45
3036	-33	48
3037	-33	51
3038	-33	54
3039	-33	57
3040	-33	60
3041	-33	63
3042	-33	66
3043	-33	69
3044	-33	72
3045	-33	75
3046	-33	78
3047	-33	81
3048	-33	84
3049	-33	87
3050	-33	90
3051	-30	-90
3052	-30	-87
3053	-30	-84
3054	-30	-81
3055	-30	-78
3056	-30	-75
3057	-30	-72
3058	-30	-69
3059	-30	-66
3060	-30	-63
3061	-30	-60
3062	-30	-57
3063	-30	-54
3064	-30	-51
3065	-30	-48
3066	-30	-45
3067	-30	-42
3068	-30	-39
3069	-30	-36
3070	-30	-33
3071	-30	-30
3072	-30	-27
3073	-30	-24
3074	-30	-21
3075	-30	-18
3076	-30	-15
3077	-30	-12
3078	-30	-9
3079	-30	-6
3080	-30	-3
3081	-30	0
3082	-30	3
3083	-30	6
3084	-30	9
3085	-30	12
3086	-30	15
3087	-30	18
3088	-30	21
3089	-30	24
3090	-30	27
3091	-30	30
3092	-30	33
3093	-30	36
3094	-30	39
3095	-30	42
3096	-30	45
3097	-30	48
3098	-30	51
3099	-30	54
3100	-30	57
3101	-30	60
3102	-30	63
3103	-30	66
3104	-30	69
3105	-30	72
3106	-30	75
3107	-30	78
3108	-30	81
3109	-30	84
3110	-30	87
3111	-30	90
3112	-27	-90
3113	-27	-87
3114	-27	-84
3115	-27	-81
3116	-27	-78
3117	-27	-75
3118	-27	-72
3119	-27	-69
3120	-27	-66
3121	-27	-63
3122	-27	-60
3123	-27	-57
3124	-27	-54
3125	-27	-51
3126	-27	-48
3127	-27	-45
3128	-27	-42
3129	-27	-39
3130	-27	-36
3131	-27	-33
3132	-27	-30
3133	-27	-27
3134	-27	-24
3135	-27	-21
3136	-27	-18
3137	-27	-15
3138	-27	-12
3139	-27	-9
3140	-27	-6
3141	-27	-3
3142	-27	0
3143	-27	3
3144	-27	6
3145	-27	9
3146	-27	12
3147	-27	15
3148	-27	18
3149	-27	21
3150	-27	24
3151	-27	27
3152	-27	30
3153	-27	33
3154	-27	36
3155	-27	39
3156	-27	42
3157	-27	45
3158	-27	48
3159	-27	51
3160	-27	54
3161	-27	57
3162	-27	60
3163	-27	63
3164	-27	66
3165	-27	69
3166	-27	72
3167	-27	75
3168	-27	78
3169	-27	81
3170	-27	84
3171	-27	87
3172	-27	90
3173	-24	-90
3174	-24	-87
3175	-24	-84
3176	-24	-81
3177	-24	-78
3178	-24	-75
3179	-24	-72
3180	-24	-69
3181	-24	-66
3182	-24	-63
3183	-24	-60
3184	-24	-57
3185	-24	-54
3186	-24	-51
3187	-24	-48
3188	-24	-45
3189	-24	-42
3190	-24	-39
3191	-24	-36
3192	-24	-33
3193	-24	-30
3194	-24	-27
3195	-24	-24
3196	-24	-21
3197	-24	-18
3198	-24	-15
3199	-24	-12
3200	-24	-9
3201	-24	-6
3202	-24	-3
3203	-24	0
3204	-24	3
3205	-24	6
3206	-24	9
3207	-24	12
3208	-24	15
3209	-24	18
3210	-24	21
3211	-24	24
3212	-24	27
3213	-24	30
3214	-24	33
3215	-24	36
3216	-24	39
3217	-24	42
3218	-24	45
3219	-24	48
3220	-24	51
3221	-24	54
3222	-24	57
3223	-24	60
3224	-24	63
3225	-24	66
3226	-24	69
3227	-24	72
3228	-24	75
3229	-24	78
3230	-24	81
3231	-24	84
3232	-24	87
3233	-24	90
3234	-21	-90
3235	-21	-87
3236	-21	-84
3237	-21	-81
3238	-21	-78
3239	-21	-75
3240	-21	-72
3241	-21	-69
3242	-21	-66
3243	-21	-63
3244	-21	-60
3245	-21	-57
3246	-21	-54
3247	-21	-51
3248	-21	-48
3249	-21	-45
3250	-21	-42
3251	-21	-39
3252	-21	-36
3253	-21	-33
3254	-21	-30
3255	-21	-27
3256	-21	-24
3257	-21	-21
3258	-21	-18
3259	-21	-15
3260	-21	-12
3261	-21	-9
3262	-21	-6
3263	-21	-3
3264	-21	0
3265	-21	3
3266	-21	6
3267	-21	9
3268	-21	12
3269	-21	15
3270	-21	18
3271	-21	21
3272	-21	24
3273	-21	27
3274	-21	30
3275	-21	33
3276	-21	36
3277	-21	39
3278	-21	42
3279	-21	45
3280	-21	48
3281	-21	51
3282	-21	54
3283	-21	57
3284	-21	60
3285	-21	63
3286	-21	66
3287	-21	69
3288	-21	72
3289	-21	75
3290	-21	78
3291	-21	81
3292	-21	84
3293	-21	87
3294	-21	90
3295	-18	-90
3296	-18	-87
3297	-18	-84
3298	-18	-81
3299	-18	-78
3300	-18	-75
3301	-18	-72
3302	-18	-69
3303	-18	-66
3304	-18	-63
3305	-18	-60
3306	-18	-57
3307	-18	-54
3308	-18	-51
3309	-18	-48
3310	-18	-45
3311	-18	-42
3312	-18	-39
3313	-18	-36
3314	-18	-33
3315	-18	-30
3316	-18	-27
3317	-18	-24
3318	-18	-21
3319	-18	-18
3320	-18	-15
3321	-18	-12
3322	-18	-9
3323	-18	-6
3324	-18	-3
3325	-18	0
3326	-18	3
3327	-18	6
3328	-18	9
3329	-18	12
3330	-18	15
3331	-18	18
3332	-18	21
3333	-18	24
3334	-18	27
3335	-18	30
3336	-18	33
3337	-18	36
3338	-18	39
3339	-18	42
3340	-18	45
3341	-18	48
3342	-18	51
3343	-18	54
3344	-18	57
3345	-18	60
3346	-18	63
3347	-18	66
3348	-18	69
3349	-18	72
3350	-18	75
3351	-18	78
3352	-18	81
3353	-18	84
3354	-18	87
3355	-18	90
3356	-15	-90
3357	-15	-87
3358	-15	-84
3359	-15	-81
3360	-15	-78
3361	-15	-75
3362	-15	-72
3363	-15	-69
3364	-15	-66
3365	-15	-63
3366	-15	-60
3367	-15	-57
3368	-15	-54
3369	-15	-51
3370	-15	-48
3371	-15	-45
3372	-15	-42
3373	-15	-39
3374	-15	-36
3375	-15	-33
3376	-15	-30
3377	-15	-27
3378	-15	-24
3379	-15	-21
3380	-15	-18
3381	-15	-15
3382	-15	-12
3383	-15	-9
3384	-15	-6
3385	-15	-3
3386	-15	0
3387	-15	3
3388	-15	6
3389	-15	9
3390	-15	12
3391	-15	15
3392	-15	18
3393	-15	21
3394	-15	24
3395	-15	27
3396	-15	30
3397	-15	33
3398	-15	36
3399	-15	39
3400	-15	42
3401	-15	45
3402	-15	48
3403	-15	51
3404	-15	54
3405	-15	57
3406	-15	60
3407	-15	63
3408	-15	66
3409	-15	69
3410	-15	72
3411	-15	75
3412	-15	78
3413	-15	81
3414	-15	84
3415	-15	87
3416	-15	90
3417	-12	-90
3418	-12	-87
3419	-12	-84
3420	-12	-81
3421	-12	-78
3422	-12	-75
3423	-12	-72
3424	-12	-69
3425	-12	-66
3426	-12	-63
3427	-12	-60
3428	-12	-57
3429	-12	-54
3430	-12	-51
3431	-12	-48
3432	-12	-45
3433	-12	-42
3434	-12	-39
3435	-12	-36
3436	-12	-33
3437	-12	-30
3438	-12	-27
3439	-12	-24
3440	-12	-21
3441	-12	-18
3442	-12	-15
3443	-12	-12
3444	-12	-9
3445	-12	-6
3446	-12	-3
3447	-12	0
3448	-12	3
3449	-12	6
3450	-12	9
3451	-12	12
3452	-12	15
3453	-12	18
3454	-12	21
3455	-12	24
3456	-12	27
3457	-12	30
3458	-12	33
3459	-12	36
3460	-12	39
3461	-12	42
3462	-12	45
3463	-12	48
3464	-12	51
3465	-12	54
3466	-12	57
3467	-12	60
3468	-12	63
3469	-12	66
3470	-12	69
3471	-12	72
3472	-12	75
3473	-12	78
3474	-12	81
3475	-12	84
3476	-12	87
3477	-12	90
3478	-9	-90
3479	-9	-87
3480	-9	-84
3481	-9	-81
3482	-9	-78
3483	-9	-75
3484	-9	-72
3485	-9	-69
3486	-9	-66
3487	-9	-63
3488	-9	-60
3489	-9	-57
3490	-9	-54
3491	-9	-51
3492	-9	-48
3493	-9	-45
3494	-9	-42
3495	-9	-39
3496	-9	-36
3497	-9	-33
3498	-9	-30
3499	-9	-27
3500	-9	-24
3501	-9	-21
3502	-9	-18
3503	-9	-15
3504	-9	-12
3505	-9	-9
3506	-9	-6
3507	-9	-3
3508	-9	0
3509	-9	3
3510	-9	6
3511	-9	9
3512	-9	12
3513	-9	15
3514	-9	18
3515	-9	21
3516	-9	24
3517	-9	27
3518	-9	30
3519	-9	33
3520	-9	36
3521	-9	39
3522	-9	42
3523	-9	45
3524	-9	48
3525	-9	51
3526	-9	54
3527	-9	57
3528	-9	60
3529	-9	63
3530	-9	66
3531	-9	69
3532	-9	72
3533	-9	75
3534	-9	78
3535	-9	81
3536	-9	84
3537	-9	87
3538	-9	90
3539	-6	-90
3540	-6	-87
3541	-6	-84
3542	-6	-81
3543	-6	-78
3544	-6	-75
3545	-6	-72
3546	-6	-69
3547	-6	-66
3548	-6	-63
3549	-6	-60
3550	-6	-57
3551	-6	-54
3552	-6	-51
3553	-6	-48
3554	-6	-45
3555	-6	-42
3556	-6	-39
3557	-6	-36
3558	-6	-33
3559	-6	-30
3560	-6	-27
3561	-6	-24
3562	-6	-21
3563	-6	-18
3564	-6	-15
3565	-6	-12
3566	-6	-9
3567	-6	-6
3568	-6	-3
3569	-6	0
3570	-6	3
3571	-6	6
3572	-6	9
3573	-6	12
3574	-6	15
3575	-6	18
3576	-6	21
3577	-6	24
3578	-6	27
3579	-6	30
3580	-6	33
3581	-6	36
3582	-6	39
3583	-6	42
3584	-6	45
3585	-6	48
3586	-6	51
3587	-6	54
3588	-6	57
3589	-6	60
3590	-6	63
3591	-6	66
3592	-6	69
3593	-6	72
3594	-6	75
3595	-6	78
3596	-6	81
3597	-6	84
3598	-6	87
3599	-6	90
3600	-3	-90
3601	-3	-87
3602	-3	-84
3603	-3	-81
3604	-3	-78
3605	-3	-75
3606	-3	-72
3607	-3	-69
3608	-3	-66
3609	-3	-63
3610	-3	-60
3611	-3	-57
3612	-3	-54
3613	-3	-51
3614	-3	-48
3615	-3	-45
3616	-3	-42
3617	-3	-39
3618	-3	-36
3619	-3	-33
3620	-3	-30
3621	-3	-27
3622	-3	-24
3623	-3	-21
3624	-3	-18
3625	-3	-15
3626	-3	-12
3627	-3	-9
3628	-3	-6
3629	-3	-3
3630	-3	0
3631	-3	3
3632	-3	6
3633	-3	9
3634	-3	12
3635	-3	15
3636	-3	18
3637	-3	21
3638	-3	24
3639	-3	27
3640	-3	30
3641	-3	33
3642	-3	36
3643	-3	39
3644	-3	42
3645	-3	45
3646	-3	48
3647	-3	51
3648	-3	54
3649	-3	57
3650	-3	60
3651	-3	63
3652	-3	66
3653	-3	69
3654	-3	72
3655	-3	75
3656	-3	78
3657	-3	81
3658	-3	84
3659	-3	87
3660	-3	90
3661	0	-90
3662	0	-87
3663	0	-84
3664	0	-81
3665	0	-78
3666	0	-75
3667	0	-72
3668	0	-69
3669	0	-66
3670	0	-63
3671	0	-60
3672	0	-57
3673	0	-54
3674	0	-51
3675	0	-48
3676	0	-45
3677	0	-42
3678	0	-39
3679	0	-36
3680	0	-33
3681	0	-30
3682	0	-27
3683	0	-24
3684	0	-21
3685	0	-18
3686	0	-15
3687	0	-12
3688	0	-9
3689	0	-6
3690	0	-3
3691	0	0
3692	0	3
3693	0	6
3694	0	9
3695	0	12
3696	0	15
3697	0	18
3698	0	21
3699	0	24
3700	0	27
3701	0	30
3702	0	33
3703	0	36
3704	0	39
3705	0	42
3706	0	45
3707	0	48
3708	0	51
3709	0	54
3710	0	57
3711	0	60
3712	0	63
3713	0	66
3714	0	69
3715	0	72
3716	0	75
3717	0	78
3718	0	81
3719	0	84
3720	0	87
3721	0	90
3722	3	-90
3723	3	-87
3724	3	-84
3725	3	-81
3726	3	-78
3727	3	-75
3728	3	-72
3729	3	-69
3730	3	-66
3731	3	-63
3732	3	-60
3733	3	-57
3734	3	-54
3735	3	-51
3736	3	-48
3737	3	-45
3738	3	-42
3739	3	-39
3740	3	-36
3741	3	-33
3742	3	-30
3743	3	-27
3744	3	-24
3745	3	-21
3746	3	-18
3747	3	-15
3748	3	-12
3749	3	-9
3750	3	-6
3751	3	-3
3752	3	0
3753	3	3
3754	3	6
3755	3	9
3756	3	12
3757	3	15
3758	3	18
3759	3	21
3760	3	24
3761	3	27
3762	3	30
3763	3	33
3764	3	36
3765	3	39
3766	3	42
3767	3	45
3768	3	48
3769	3	51
3770	3	54
3771	3	57
3772	3	60
3773	3	63
3774	3	66
3775	3	69
3776	3	72
3777	3	75
3778	3	78
3779	3	81
3780	3	84
3781	3	87
3782	3	90
3783	6	-90
3784	6	-87
3785	6	-84
3786	6	-81
3787	6	-78
3788	6	-75
3789	6	-72
3790	6	-69
3791	6	-66
3792	6	-63
3793	6	-60
3794	6	-57
3795	6	-54
3796	6	-51
3797	6	-48
3798	6	-45
3799	6	-42
3800	6	-39
3801	6	-36
3802	6	-33
3803	6	-30
3804	6	-27
3805	6	-24
3806	6	-21
3807	6	-18
3808	6	-15
3809	6	-12
3810	6	-9
3811	6	-6
3812	6	-3
3813	6	0
3814	6	3
3815	6	6
3816	6	9
3817	6	12
3818	6	15
3819	6	18
3820	6	21
3821	6	24
3822	6	27
3823	6	30
3824	6	33
3825	6	36
3826	6	39
3827	6	42
3828	6	45
3829	6	48
3830	6	51
3831	6	54
3832	6	57
3833	6	60
3834	6	63
3835	6	66
3836	6	69
3837	6	72
3838	6	75
3839	6	78
3840	6	81
3841	6	84
3842	6	87
3843	6	90
3844	9	-90
3845	9	-87
3846	9	-84
3847	9	-81
3848	9	-78
3849	9	-75
3850	9	-72
3851	9	-69
3852	9	-66
3853	9	-63
3854	9	-60
3855	9	-57
3856	9	-54
3857	9	-51
3858	9	-48
3859	9	-45
3860	9	-42
3861	9	-39
3862	9	-36
3863	9	-33
3864	9	-30
3865	9	-27
3866	9	-24
3867	9	-21
3868	9	-18
3869	9	-15
3870	9	-12
3871	9	-9
3872	9	-6
3873	9	-3
3874	9	0
3875	9	3
3876	9	6
3877	9	9
3878	9	12
3879	9	15
3880	9	18
3881	9	21
3882	9	24
3883	9	27
3884	9	30
3885	9	33
3886	9	36
3887	9	39
3888	9	42
3889	9	45
3890	9	48
3891	9	51
3892	9	54
3893	9	57
3894	9	60
3895	9	63
3896	9	66
3897	9	69
3898	9	72
3899	9	75
3900	9	78
3901	9	81
3902	9	84
3903	9	87
3904	9	90
3905	12	-90
3906	12	-87
3907	12	-84
3908	12	-81
3909	12	-78
3910	12	-75
3911	12	-72
3912	12	-69
3913	12	-66
3914	12	-63
3915	12	-60
3916	12	-57
3917	12	-54
3918	12	-51
3919	12	-48
3920	12	-45
3921	12	-42
3922	12	-39
3923	12	-36
3924	12	-33
3925	12	-30
3926	12	-27
3927	12	-24
3928	12	-21
3929	12	-18
3930	12	-15
3931	12	-12
3932	12	-9
3933	12	-6
3934	12	-3
3935	12	0
3936	12	3
3937	12	6
3938	12	9
3939	12	12
3940	12	15
3941	12	18
3942	12	21
3943	12	24
3944	12	27
3945	12	30
3946	12	33
3947	12	36
3948	12	39
3949	12	42
3950	12	45
3951	12	48
3952	12	51
3953	12	54
3954	12	57
3955	12	60
3956	12	63
3957	12	66
3958	12	69
3959	12	72
3960	12	75
3961	12	78
3962	12	81
3963	12	84
3964	12	87
3965	12	90
3966	15	-90
3967	15	-87
3968	15	-84
3969	15	-81
3970	15	-78
3971	15	-75
3972	15	-72
3973	15	-69
3974	15	-66
3975	15	-63
3976	15	-60
3977	15	-57
3978	15	-54
3979	15	-51
3980	15	-48
3981	15	-45
3982	15	-42
3983	15	-39
3984	15	-36
3985	15	-33
3986	15	-30
3987	15	-27
3988	15	-24
3989	15	-21
3990	15	-18
3991	15	-15
3992	15	-12
3993	15	-9
3994	15	-6
3995	15	-3
3996	15	0
3997	15	3
3998	15	6
3999	15	9
4000	15	12
4001	15	15
4002	15	18
4003	15	21
4004	15	24
4005	15	27
4006	15	30
4007	15	33
4008	15	36
4009	15	39
4010	15	42
4011	15	45
4012	15	48
4013	15	51
4014	15	54
4015	15	57
4016	15	60
4017	15	63
4018	15	66
4019	15	69
4020	15	72
4021	15	75
4022	15	78
4023	15	81
4024	15	84
4025	15	87
4026	15	90
4027	18	-90
4028	18	-87
4029	18	-84
4030	18	-81
4031	18	-78
4032	18	-75
4033	18	-72
4034	18	-69
4035	18	-66
4036	18	-63
4037	18	-60
4038	18	-57
4039	18	-54
4040	18	-51
4041	18	-48
4042	18	-45
4043	18	-42
4044	18	-39
4045	18	-36
4046	18	-33
4047	18	-30
4048	18	-27
4049	18	-24
4050	18	-21
4051	18	-18
4052	18	-15
4053	18	-12
4054	18	-9
4055	18	-6
4056	18	-3
4057	18	0
4058	18	3
4059	18	6
4060	18	9
4061	18	12
4062	18	15
4063	18	18
4064	18	21
4065	18	24
4066	18	27
4067	18	30
4068	18	33
4069	18	36
4070	18	39
4071	18	42
4072	18	45
4073	18	48
4074	18	51
4075	18	54
4076	18	57
4077	18	60
4078	18	63
4079	18	66
4080	18	69
4081	18	72
4082	18	75
4083	18	78
4084	18	81
4085	18	84
4086	18	87
4087	18	90
4088	21	-90
4089	21	-87
4090	21	-84
4091	21	-81
4092	21	-78
4093	21	-75
4094	21	-72
4095	21	-69
4096	21	-66
4097	21	-63
4098	21	-60
4099	21	-57
4100	21	-54
4101	21	-51
4102	21	-48
4103	21	-45
4104	21	-42
4105	21	-39
4106	21	-36
4107	21	-33
4108	21	-30
4109	21	-27
4110	21	-24
4111	21	-21
4112	21	-18
4113	21	-15
4114	21	-12
4115	21	-9
4116	21	-6
4117	21	-3
4118	21	0
4119	21	3
4120	21	6
4121	21	9
4122	21	12
4123	21	15
4124	21	18
4125	21	21
4126	21	24
4127	21	27
4128	21	30
4129	21	33
4130	21	36
4131	21	39
4132	21	42
4133	21	45
4134	21	48
4135	21	51
4136	21	54
4137	21	57
4138	21	60
4139	21	63
4140	21	66
4141	21	69
4142	21	72
4143	21	75
4144	21	78
4145	21	81
4146	21	84
4147	21	87
4148	21	90
4149	24	-90
4150	24	-87
4151	24	-84
4152	24	-81
4153	24	-78
4154	24	-75
4155	24	-72
4156	24	-69
4157	24	-66
4158	24	-63
4159	24	-60
4160	24	-57
4161	24	-54
4162	24	-51
4163	24	-48
4164	24	-45
4165	24	-42
4166	24	-39
4167	24	-36
4168	24	-33
4169	24	-30
4170	24	-27
4171	24	-24
4172	24	-21
4173	24	-18
4174	24	-15
4175	24	-12
4176	24	-9
4177	24	-6
4178	24	-3
4179	24	0
4180	24	3
4181	24	6
4182	24	9
4183	24	12
4184	24	15
4185	24	18
4186	24	21
4187	24	24
4188	24	27
4189	24	30
4190	24	33
4191	24	36
4192	24	39
4193	24	42
4194	24	45
4195	24	48
4196	24	51
4197	24	54
4198	24	57
4199	24	60
4200	24	63
4201	24	66
4202	24	69
4203	24	72
4204	24	75
4205	24	78
4206	24	81
4207	24	84
4208	24	87
4209	24	90
4210	27	-90
4211	27	-87
4212	27	-84
4213	27	-81
4214	27	-78
4215	27	-75
4216	27	-72
4217	27	-69
4218	27	-66
4219	27	-63
4220	27	-60
4221	27	-57
4222	27	-54
4223	27	-51
4224	27	-48
4225	27	-45
4226	27	-42
4227	27	-39
4228	27	-36
4229	27	-33
4230	27	-30
4231	27	-27
4232	27	-24
4233	27	-21
4234	27	-18
4235	27	-15
4236	27	-12
4237	27	-9
4238	27	-6
4239	27	-3
4240	27	0
4241	27	3
4242	27	6
4243	27	9
4244	27	12
4245	27	15
4246	27	18
4247	27	21
4248	27	24
4249	27	27
4250	27	30
4251	27	33
4252	27	36
4253	27	39
4254	27	42
4255	27	45
4256	27	48
4257	27	51
4258	27	54
4259	27	57
4260	27	60
4261	27	63
4262	27	66
4263	27	69
4264	27	72
4265	27	75
4266	27	78
4267	27	81
4268	27	84
4269	27	87
4270	27	90
4271	30	-90
4272	30	-87
4273	30	-84
4274	30	-81
4275	30	-78
4276	30	-75
4277	30	-72
4278	30	-69
4279	30	-66
4280	30	-63
4281	30	-60
4282	30	-57
4283	30	-54
4284	30	-51
4285	30	-48
4286	30	-45
4287	30	-42
4288	30	-39
4289	30	-36
4290	30	-33
4291	30	-30
4292	30	-27
4293	30	-24
4294	30	-21
4295	30	-18
4296	30	-15
4297	30	-12
4298	30	-9
4299	30	-6
4300	30	-3
4301	30	0
4302	30	3
4303	30	6
4304	30	9
4305	30	12
4306	30	15
4307	30	18
4308	30	21
4309	30	24
4310	30	27
4311	30	30
4312	30	33
4313	30	36
4314	30	39
4315	30	42
4316	30	45
4317	30	48
4318	30	51
4319	30	54
4320	30	57
4321	30	60
4322	30	63
4323	30	66
4324	30	69
4325	30	72
4326	30	75
4327	30	78
4328	30	81
4329	30	84
4330	30	87
4331	30	90
4332	33	-90
4333	33	-87
4334	33	-84
4335	33	-81
4336	33	-78
4337	33	-75
4338	33	-72
4339	33	-69
4340	33	-66
4341	33	-63
4342	33	-60
4343	33	-57
4344	33	-54
4345	33	-51
4346	33	-48
4347	33	-45
4348	33	-42
4349	33	-39
4350	33	-36
4351	33	-33
4352	33	-30
4353	33	-27
4354	33	-24
4355	33	-21
4356	33	-18
4357	33	-15
4358	33	-12
4359	33	-9
4360	33	-6
4361	33	-3
4362	33	0
4363	33	3
4364	33	6
4365	33	9
4366	33	12
4367	33	15
4368	33	18
4369	33	21
4370	33	24
4371	33	27
4372	33	30
4373	33	33
4374	33	36
4375	33	39
4376	33	42
4377	33	45
4378	33	48
4379	33	51
4380	33	54
4381	33	57
4382	33	60
4383	33	63
4384	33	66
4385	33	69
4386	33	72
4387	33	75
4388	33	78
4389	33	81
4390	33	84
4391	33	87
4392	33	90
4393	36	-90
4394	36	-87
4395	36	-84
4396	36	-81
4397	36	-78
4398	36	-75
4399	36	-72
4400	36	-69
4401	36	-66
4402	36	-63
4403	36	-60
4404	36	-57
4405	36	-54
4406	36	-51
4407	36	-48
4408	36	-45
4409	36	-42
4410	36	-39
4411	36	-36
4412	36	-33
4413	36	-30
4414	36	-27
4415	36	-24
4416	36	-21
4417	36	-18
4418	36	-15
4419	36	-12
4420	36	-9
4421	36	-6
4422	36	-3
4423	36	0
4424	36	3
4425	36	6
4426	36	9
4427	36	12
4428	36	15
4429	36	18
4430	36	21
4431	36	24
4432	36	27
4433	36	30
4434	36	33
4435	36	36
4436	36	39
4437	36	42
4438	36	45
4439	36	48
4440	36	51
4441	36	54
4442	36	57
4443	36	60
4444	36	63
4445	36	66
4446	36	69
4447	36	72
4448	36	75
4449	36	78
4450	36	81
4451	36	84
4452	36	87
4453	36	90
4454	39	-90
4455	39	-87
4456	39	-84
4457	39	-81
4458	39	-78
4459	39	-75
4460	39	-72
4461	39	-69
4462	39	-66
4463	39	-63
4464	39	-60
4465	39	-57
4466	39	-54
4467	39	-51
4468	39	-48
4469	39	-45
4470	39	-42
4471	39	-39
4472	39	-36
4473	39	-33
4474	39	-30
4475	39	-27
4476	39	-24
4477	39	-21
4478	39	-18
4479	39	-15
4480	39	-12
4481	39	-9
4482	39	-6
4483	39	-3
4484	39	0
4485	39	3
4486	39	6
4487	39	9
4488	39	12
4489	39	15
4490	39	18
4491	39	21
4492	39	24
4493	39	27
4494	39	30
4495	39	33
4496	39	36
4497	39	39
4498	39	42
4499	39	45
4500	39	48
4501	39	51
4502	39	54
4503	39	57
4504	39	60
4505	39	63
4506	39	66
4507	39	69
4508	39	72
4509	39	75
4510	39	78
4511	39	81
4512	39	84
4513	39	87
4514	39	90
4515	42	-90
4516	42	-87
4517	42	-84
4518	42	-81
4519	42	-78
4520	42	-75
4521	42	-72
4522	42	-69
4523	42	-66
4524	42	-63
4525	42	-60
4526	42	-57
4527	42	-54
4528	42	-51
4529	42	-48
4530	42	-45
4531	42	-42
4532	42	-39
4533	42	-36
4534	42	-33
4535	42	-30
4536	42	-27
4537	42	-24
4538	42	-21
4539	42	-18
4540	42	-15
4541	42	-12
4542	42	-9
4543	42	-6
4544	42	-3
4545	42	0
4546	42	3
4547	42	6
4548	42	9
4549	42	12
4550	42	15
4551	42	18
4552	42	21
4553	42	24
4554	42	27
4555	42	30
4556	42	33
4557	42	36
4558	42	39
4559	42	42
4560	42	45
4561	42	48
4562	42	51
4563	42	54
4564	42	57
4565	42	60
4566	42	63
4567	42	66
4568	42	69
4569	42	72
4570	42	75
4571	42	78
4572	42	81
4573	42	84
4574	42	87
4575	42	90
4576	45	-90
4577	45	-87
4578	45	-84
4579	45	-81
4580	45	-78
4581	45	-75
4582	45	-72
4583	45	-69
4584	45	-66
4585	45	-63
4586	45	-60
4587	45	-57
4588	45	-54
4589	45	-51
4590	45	-48
4591	45	-45
4592	45	-42
4593	45	-39
4594	45	-36
4595	45	-33
4596	45	-30
4597	45	-27
4598	45	-24
4599	45	-21
4600	45	-18
4601	45	-15
4602	45	-12
4603	45	-9
4604	45	-6
4605	45	-3
4606	45	0
4607	45	3
4608	45	6
4609	45	9
4610	45	12
4611	45	15
4612	45	18
4613	45	21
4614	45	24
4615	45	27
4616	45	30
4617	45	33
4618	45	36
4619	45	39
4620	45	42
4621	45	45
4622	45	48
4623	45	51
4624	45	54
4625	45	57
4626	45	60
4627	45	63
4628	45	66
4629	45	69
4630	45	72
4631	45	75
4632	45	78
4633	45	81
4634	45	84
4635	45	87
4636	45	90
4637	48	-90
4638	48	-87
4639	48	-84
4640	48	-81
4641	48	-78
4642	48	-75
4643	48	-72
4644	48	-69
4645	48	-66
4646	48	-63
4647	48	-60
4648	48	-57
4649	48	-54
4650	48	-51
4651	48	-48
4652	48	-45
4653	48	-42
4654	48	-39
4655	48	-36
4656	48	-33
4657	48	-30
4658	48	-27
4659	48	-24
4660	48	-21
4661	48	-18
4662	48	-15
4663	48	-12
4664	48	-9
4665	48	-6
4666	48	-3
4667	48	0
4668	48	3
4669	48	6
4670	48	9
4671	48	12
4672	48	15
4673	48	18
4674	48	21
4675	48	24
4676	48	27
4677	48	30
4678	48	33
4679	48	36
4680	48	39
4681	48	42
4682	48	45
4683	48	48
4684	48	51
4685	48	54
4686	48	57
4687	48	60
4688	48	63
4689	48	66
4690	48	69
4691	48	72
4692	48	75
4693	48	78
4694	48	81
4695	48	84
4696	48	87
4697	48	90
4698	51	-90
4699	51	-87
4700	51	-84
4701	51	-81
4702	51	-78
4703	51	-75
4704	51	-72
4705	51	-69
4706	51	-66
4707	51	-63
4708	51	-60
4709	51	-57
4710	51	-54
4711	51	-51
4712	51	-48
4713	51	-45
4714	51	-42
4715	51	-39
4716	51	-36
4717	51	-33
4718	51	-30
4719	51	-27
4720	51	-24
4721	51	-21
4722	51	-18
4723	51	-15
4724	51	-12
4725	51	-9
4726	51	-6
4727	51	-3
4728	51	0
4729	51	3
4730	51	6
4731	51	9
4732	51	12
4733	51	15
4734	51	18
4735	51	21
4736	51	24
4737	51	27
4738	51	30
4739	51	33
4740	51	36
4741	51	39
4742	51	42
4743	51	45
4744	51	48
4745	51	51
4746	51	54
4747	51	57
4748	51	60
4749	51	63
4750	51	66
4751	51	69
4752	51	72
4753	51	75
4754	51	78
4755	51	81
4756	51	84
4757	51	87
4758	51	90
4759	54	-90
4760	54	-87
4761	54	-84
4762	54	-81
4763	54	-78
4764	54	-75
4765	54	-72
4766	54	-69
4767	54	-66
4768	54	-63
4769	54	-60
4770	54	-57
4771	54	-54
4772	54	-51
4773	54	-48
4774	54	-45
4775	54	-42
4776	54	-39
4777	54	-36
4778	54	-33
4779	54	-30
4780	54	-27
4781	54	-24
4782	54	-21
4783	54	-18
4784	54	-15
4785	54	-12
4786	54	-9
4787	54	-6
4788	54	-3
4789	54	0
4790	54	3
4791	54	6
4792	54	9
4793	54	12
4794	54	15
4795	54	18
4796	54	21
4797	54	24
4798	54	27
4799	54	30
4800	54	33
4801	54	36
4802	54	39
4803	54	42
4804	54	45
4805	54	48
4806	54	51
4807	54	54
4808	54	57
4809	54	60
4810	54	63
4811	54	66
4812	54	69
4813	54	72
4814	54	75
4815	54	78
4816	54	81
4817	54	84
4818	54	87
4819	54	90
4820	57	-90
4821	57	-87
4822	57	-84
4823	57	-81
4824	57	-78
4825	57	-75
4826	57	-72
4827	57	-69
4828	57	-66
4829	57	-63
4830	57	-60
4831	57	-57
4832	57	-54
4833	57	-51
4834	57	-48
4835	57	-45
4836	57	-42
4837	57	-39
4838	57	-36
4839	57	-33
4840	57	-30
4841	57	-27
4842	57	-24
4843	57	-21
4844	57	-18
4845	57	-15
4846	57	-12
4847	57	-9
4848	57	-6
4849	57	-3
4850	57	0
4851	57	3
4852	57	6
4853	57	9
4854	57	12
4855	57	15
4856	57	18
4857	57	21
4858	57	24
4859	57	27
4860	57	30
4861	57	33
4862	57	36
4863	57	39
4864	57	42
4865	57	45
4866	57	48
4867	57	51
4868	57	54
4869	57	57
4870	57	60
4871	57	63
4872	57	66
4873	57	69
4874	57	72
4875	57	75
4876	57	78
4877	57	81
4878	57	84
4879	57	87
4880	57	90
4881	60	-90
4882	60	-87
4883	60	-84
4884	60	-81
4885	60	-78
4886	60	-75
4887	60	-72
4888	60	-69
4889	60	-66
4890	60	-63
4891	60	-60
4892	60	-57
4893	60	-54
4894	60	-51
4895	60	-48
4896	60	-45
4897	60	-42
4898	60	-39
4899	60	-36
4900	60	-33
4901	60	-30
4902	60	-27
4903	60	-24
4904	60	-21
4905	60	-18
4906	60	-15
4907	60	-12
4908	60	-9
4909	60	-6
4910	60	-3
4911	60	0
4912	60	3
4913	60	6
4914	60	9
4915	60	12
4916	60	15
4917	60	18
4918	60	21
4919	60	24
4920	60	27
4921	60	30
4922	60	33
4923	60	36
4924	60	39
4925	60	42
4926	60	45
4927	60	48
4928	60	51
4929	60	54
4930	60	57
4931	60	60
4932	60	63
4933	60	66
4934	60	69
4935	60	72
4936	60	75
4937	60	78
4938	60	81
4939	60	84
4940	60	87
4941	60	90
4942	63	-90
4943	63	-87
4944	63	-84
4945	63	-81
4946	63	-78
4947	63	-75
4948	63	-72
4949	63	-69
4950	63	-66
4951	63	-63
4952	63	-60
4953	63	-57
4954	63	-54
4955	63	-51
4956	63	-48
4957	63	-45
4958	63	-42
4959	63	-39
4960	63	-36
4961	63	-33
4962	63	-30
4963	63	-27
4964	63	-24
4965	63	-21
4966	63	-18
4967	63	-15
4968	63	-12
4969	63	-9
4970	63	-6
4971	63	-3
4972	63	0
4973	63	3
4974	63	6
4975	63	9
4976	63	12
4977	63	15
4978	63	18
4979	63	21
4980	63	24
4981	63	27
4982	63	30
4983	63	33
4984	63	36
4985	63	39
4986	63	42
4987	63	45
4988	63	48
4989	63	51
4990	63	54
4991	63	57
4992	63	60
4993	63	63
4994	63	66
4995	63	69
4996	63	72
4997	63	75
4998	63	78
4999	63	81
5000	63	84
5001	63	87
5002	63	90
5003	66	-90
5004	66	-87
5005	66	-84
5006	66	-81
5007	66	-78
5008	66	-75
5009	66	-72
5010	66	-69
5011	66	-66
5012	66	-63
5013	66	-60
5014	66	-57
5015	66	-54
5016	66	-51
5017	66	-48
5018	66	-45
5019	66	-42
5020	66	-39
5021	66	-36
5022	66	-33
5023	66	-30
5024	66	-27
5025	66	-24
5026	66	-21
5027	66	-18
5028	66	-15
5029	66	-12
5030	66	-9
5031	66	-6
5032	66	-3
5033	66	0
5034	66	3
5035	66	6
5036	66	9
5037	66	12
5038	66	15
5039	66	18
5040	66	21
5041	66	24
5042	66	27
5043	66	30
5044	66	33
5045	66	36
5046	66	39
5047	66	42
5048	66	45
5049	66	48
5050	66	51
5051	66	54
5052	66	57
5053	66	60
5054	66	63
5055	66	66
5056	66	69
5057	66	72
5058	66	75
5059	66	78
5060	66	81
5061	66	84
5062	66	87
5063	66	90
5064	69	-90
5065	69	-87
5066	69	-84
5067	69	-81
5068	69	-78
5069	69	-75
5070	69	-72
5071	69	-69
5072	69	-66
5073	69	-63
5074	69	-60
5075	69	-57
5076	69	-54
5077	69	-51
5078	69	-48
5079	69	-45
5080	69	-42
5081	69	-39
5082	69	-36
5083	69	-33
5084	69	-30
5085	69	-27
5086	69	-24
5087	69	-21
5088	69	-18
5089	69	-15
5090	69	-12
5091	69	-9
5092	69	-6
5093	69	-3
5094	69	0
5095	69	3
5096	69	6
5097	69	9
5098	69	12
5099	69	15
5100	69	18
5101	69	21
5102	69	24
5103	69	27
5104	69	30
5105	69	33
5106	69	36
5107	69	39
5108	69	42
5109	69	45
5110	69	48
5111	69	51
5112	69	54
5113	69	57
5114	69	60
5115	69	63
5116	69	66
5117	69	69
5118	69	72
5119	69	75
5120	69	78
5121	69	81
5122	69	84
5123	69	87
5124	69	90
5125	72	-90
5126	72	-87
5127	72	-84
5128	72	-81
5129	72	-78
5130	72	-75
5131	72	-72
5132	72	-69
5133	72	-66
5134	72	-63
5135	72	-60
5136	72	-57
5137	72	-54
5138	72	-51
5139	72	-48
5140	72	-45
5141	72	-42
5142	72	-39
5143	72	-36
5144	72	-33
5145	72	-30
5146	72	-27
5147	72	-24
5148	72	-21
5149	72	-18
5150	72	-15
5151	72	-12
5152	72	-9
5153	72	-6
5154	72	-3
5155	72	0
5156	72	3
5157	72	6
5158	72	9
5159	72	12
5160	72	15
5161	72	18
5162	72	21
5163	72	24
5164	72	27
5165	72	30
5166	72	33
5167	72	36
5168	72	39
5169	72	42
5170	72	45
5171	72	48
5172	72	51
5173	72	54
5174	72	57
5175	72	60
5176	72	63
5177	72	66
5178	72	69
5179	72	72
5180	72	75
5181	72	78
5182	72	81
5183	72	84
5184	72	87
5185	72	90
5186	75	-90
5187	75	-87
5188	75	-84
5189	75	-81
5190	75	-78
5191	75	-75
5192	75	-72
5193	75	-69
5194	75	-66
5195	75	-63
5196	75	-60
5197	75	-57
5198	75	-54
5199	75	-51
5200	75	-48
5201	75	-45
5202	75	-42
5203	75	-39
5204	75	-36
5205	75	-33
5206	75	-30
5207	75	-27
5208	75	-24
5209	75	-21
5210	75	-18
5211	75	-15
5212	75	-12
5213	75	-9
5214	75	-6
5215	75	-3
5216	75	0
5217	75	3
5218	75	6
5219	75	9
5220	75	12
5221	75	15
5222	75	18
5223	75	21
5224	75	24
5225	75	27
5226	75	30
5227	75	33
5228	75	36
5229	75	39
5230	75	42
5231	75	45
5232	75	48
5233	75	51
5234	75	54
5235	75	57
5236	75	60
5237	75	63
5238	75	66
5239	75	69
5240	75	72
5241	75	75
5242	75	78
5243	75	81
5244	75	84
5245	75	87
5246	75	90
5247	78	-90
5248	78	-87
5249	78	-84
5250	78	-81
5251	78	-78
5252	78	-75
5253	78	-72
5254	78	-69
5255	78	-66
5256	78	-63
5257	78	-60
5258	78	-57
5259	78	-54
5260	78	-51
5261	78	-48
5262	78	-45
5263	78	-42
5264	78	-39
5265	78	-36
5266	78	-33
5267	78	-30
5268	78	-27
5269	78	-24
5270	78	-21
5271	78	-18
5272	78	-15
5273	78	-12
5274	78	-9
5275	78	-6
5276	78	-3
5277	78	0
5278	78	3
5279	78	6
5280	78	9
5281	78	12
5282	78	15
5283	78	18
5284	78	21
5285	78	24
5286	78	27
5287	78	30
5288	78	33
5289	78	36
5290	78	39
5291	78	42
5292	78	45
5293	78	48
5294	78	51
5295	78	54
5296	78	57
5297	78	60
5298	78	63
5299	78	66
5300	78	69
5301	78	72
5302	78	75
5303	78	78
5304	78	81
5305	78	84
5306	78	87
5307	78	90
5308	81	-90
5309	81	-87
5310	81	-84
5311	81	-81
5312	81	-78
5313	81	-75
5314	81	-72
5315	81	-69
5316	81	-66
5317	81	-63
5318	81	-60
5319	81	-57
5320	81	-54
5321	81	-51
5322	81	-48
5323	81	-45
5324	81	-42
5325	81	-39
5326	81	-36
5327	81	-33
5328	81	-30
5329	81	-27
5330	81	-24
5331	81	-21
5332	81	-18
5333	81	-15
5334	81	-12
5335	81	-9
5336	81	-6
5337	81	-3
5338	81	0
5339	81	3
5340	81	6
5341	81	9
5342	81	12
5343	81	15
5344	81	18
5345	81	21
5346	81	24
5347	81	27
5348	81	30
5349	81	33
5350	81	36
5351	81	39
5352	81	42
5353	81	45
5354	81	48
5355	81	51
5356	81	54
5357	81	57
5358	81	60
5359	81	63
5360	81	66
5361	81	69
5362	81	72
5363	81	75
5364	81	78
5365	81	81
5366	81	84
5367	81	87
5368	81	90
5369	84	-90
5370	84	-87
5371	84	-84
5372	84	-81
5373	84	-78
5374	84	-75
5375	84	-72
5376	84	-69
5377	84	-66
5378	84	-63
5379	84	-60
5380	84	-57
5381	84	-54
5382	84	-51
5383	84	-48
5384	84	-45
5385	84	-42
5386	84	-39
5387	84	-36
5388	84	-33
5389	84	-30
5390	84	-27
5391	84	-24
5392	84	-21
5393	84	-18
5394	84	-15
5395	84	-12
5396	84	-9
5397	84	-6
5398	84	-3
5399	84	0
5400	84	3
5401	84	6
5402	84	9
5403	84	12
5404	84	15
5405	84	18
5406	84	21
5407	84	24
5408	84	27
5409	84	30
5410	84	33
5411	84	36
5412	84	39
5413	84	42
5414	84	45
5415	84	48
5416	84	51
5417	84	54
5418	84	57
5419	84	60
5420	84	63
5421	84	66
5422	84	69
5423	84	72
5424	84	75
5425	84	78
5426	84	81
5427	84	84
5428	84	87
5429	84	90
5430	87	-90
5431	87	-87
5432	87	-84
5433	87	-81
5434	87	-78
5435	87	-75
5436	87	-72
5437	87	-69
5438	87	-66
5439	87	-63
5440	87	-60
5441	87	-57
5442	87	-54
5443	87	-51
5444	87	-48
5445	87	-45
5446	87	-42
5447	87	-39
5448	87	-36
5449	87	-33
5450	87	-30
5451	87	-27
5452	87	-24
5453	87	-21
5454	87	-18
5455	87	-15
5456	87	-12
5457	87	-9
5458	87	-6
5459	87	-3
5460	87	0
5461	87	3
5462	87	6
5463	87	9
5464	87	12
5465	87	15
5466	87	18
5467	87	21
5468	87	24
5469	87	27
5470	87	30
5471	87	33
5472	87	36
5473	87	39
5474	87	42
5475	87	45
5476	87	48
5477	87	51
5478	87	54
5479	87	57
5480	87	60
5481	87	63
5482	87	66
5483	87	69
5484	87	72
5485	87	75
5486	87	78
5487	87	81
5488	87	84
5489	87	87
5490	87	90
5491	90	-90
5492	90	-87
5493	90	-84
5494	90	-81
5495	90	-78
5496	90	-75
5497	90	-72
5498	90	-69
5499	90	-66
5500	90	-63
5501	90	-60
5502	90	-57
5503	90	-54
5504	90	-51
5505	90	-48
5506	90	-45
5507	90	-42
5508	90	-39
5509	90	-36
5510	90	-33
5511	90	-30
5512	90	-27
5513	90	-24
5514	90	-21
5515	90	-18
5516	90	-15
5517	90	-12
5518	90	-9
5519	90	-6
5520	90	-3
5521	90	0
5522	90	3
5523	90	6
5524	90	9
5525	90	12
5526	90	15
5527	90	18
5528	90	21
5529	90	24
5530	90	27
5531	90	30
5532	90	33
5533	90	36
5534	90	39
5535	90	42
5536	90	45
5537	90	48
5538	90	51
5539	90	54
5540	90	57
5541	90	60
5542	90	63
5543	90	66
5544	90	69
5545	90	72
5546	90	75
5547	90	78
5548	90	81
5549	90	84
5550	90	87
5551	90	90
5552	93	-90
5553	93	-87
5554	93	-84
5555	93	-81
5556	93	-78
5557	93	-75
5558	93	-72
5559	93	-69
5560	93	-66
5561	93	-63
5562	93	-60
5563	93	-57
5564	93	-54
5565	93	-51
5566	93	-48
5567	93	-45
5568	93	-42
5569	93	-39
5570	93	-36
5571	93	-33
5572	93	-30
5573	93	-27
5574	93	-24
5575	93	-21
5576	93	-18
5577	93	-15
5578	93	-12
5579	93	-9
5580	93	-6
5581	93	-3
5582	93	0
5583	93	3
5584	93	6
5585	93	9
5586	93	12
5587	93	15
5588	93	18
5589	93	21
5590	93	24
5591	93	27
5592	93	30
5593	93	33
5594	93	36
5595	93	39
5596	93	42
5597	93	45
5598	93	48
5599	93	51
5600	93	54
5601	93	57
5602	93	60
5603	93	63
5604	93	66
5605	93	69
5606	93	72
5607	93	75
5608	93	78
5609	93	81
5610	93	84
5611	93	87
5612	93	90
5613	96	-90
5614	96	-87
5615	96	-84
5616	96	-81
5617	96	-78
5618	96	-75
5619	96	-72
5620	96	-69
5621	96	-66
5622	96	-63
5623	96	-60
5624	96	-57
5625	96	-54
5626	96	-51
5627	96	-48
5628	96	-45
5629	96	-42
5630	96	-39
5631	96	-36
5632	96	-33
5633	96	-30
5634	96	-27
5635	96	-24
5636	96	-21
5637	96	-18
5638	96	-15
5639	96	-12
5640	96	-9
5641	96	-6
5642	96	-3
5643	96	0
5644	96	3
5645	96	6
5646	96	9
5647	96	12
5648	96	15
5649	96	18
5650	96	21
5651	96	24
5652	96	27
5653	96	30
5654	96	33
5655	96	36
5656	96	39
5657	96	42
5658	96	45
5659	96	48
5660	96	51
5661	96	54
5662	96	57
5663	96	60
5664	96	63
5665	96	66
5666	96	69
5667	96	72
5668	96	75
5669	96	78
5670	96	81
5671	96	84
5672	96	87
5673	96	90
5674	99	-90
5675	99	-87
5676	99	-84
5677	99	-81
5678	99	-78
5679	99	-75
5680	99	-72
5681	99	-69
5682	99	-66
5683	99	-63
5684	99	-60
5685	99	-57
5686	99	-54
5687	99	-51
5688	99	-48
5689	99	-45
5690	99	-42
5691	99	-39
5692	99	-36
5693	99	-33
5694	99	-30
5695	99	-27
5696	99	-24
5697	99	-21
5698	99	-18
5699	99	-15
5700	99	-12
5701	99	-9
5702	99	-6
5703	99	-3
5704	99	0
5705	99	3
5706	99	6
5707	99	9
5708	99	12
5709	99	15
5710	99	18
5711	99	21
5712	99	24
5713	99	27
5714	99	30
5715	99	33
5716	99	36
5717	99	39
5718	99	42
5719	99	45
5720	99	48
5721	99	51
5722	99	54
5723	99	57
5724	99	60
5725	99	63
5726	99	66
5727	99	69
5728	99	72
5729	99	75
5730	99	78
5731	99	81
5732	99	84
5733	99	87
5734	99	90
5735	102	-90
5736	102	-87
5737	102	-84
5738	102	-81
5739	102	-78
5740	102	-75
5741	102	-72
5742	102	-69
5743	102	-66
5744	102	-63
5745	102	-60
5746	102	-57
5747	102	-54
5748	102	-51
5749	102	-48
5750	102	-45
5751	102	-42
5752	102	-39
5753	102	-36
5754	102	-33
5755	102	-30
5756	102	-27
5757	102	-24
5758	102	-21
5759	102	-18
5760	102	-15
5761	102	-12
5762	102	-9
5763	102	-6
5764	102	-3
5765	102	0
5766	102	3
5767	102	6
5768	102	9
5769	102	12
5770	102	15
5771	102	18
5772	102	21
5773	102	24
5774	102	27
5775	102	30
5776	102	33
5777	102	36
5778	102	39
5779	102	42
5780	102	45
5781	102	48
5782	102	51
5783	102	54
5784	102	57
5785	102	60
5786	102	63
5787	102	66
5788	102	69
5789	102	72
5790	102	75
5791	102	78
5792	102	81
5793	102	84
5794	102	87
5795	102	90
5796	105	-90
5797	105	-87
5798	105	-84
5799	105	-81
5800	105	-78
5801	105	-75
5802	105	-72
5803	105	-69
5804	105	-66
5805	105	-63
5806	105	-60
5807	105	-57
5808	105	-54
5809	105	-51
5810	105	-48
5811	105	-45
5812	105	-42
5813	105	-39
5814	105	-36
5815	105	-33
5816	105	-30
5817	105	-27
5818	105	-24
5819	105	-21
5820	105	-18
5821	105	-15
5822	105	-12
5823	105	-9
5824	105	-6
5825	105	-3
5826	105	0
5827	105	3
5828	105	6
5829	105	9
5830	105	12
5831	105	15
5832	105	18
5833	105	21
5834	105	24
5835	105	27
5836	105	30
5837	105	33
5838	105	36
5839	105	39
5840	105	42
5841	105	45
5842	105	48
5843	105	51
5844	105	54
5845	105	57
5846	105	60
5847	105	63
5848	105	66
5849	105	69
5850	105	72
5851	105	75
5852	105	78
5853	105	81
5854	105	84
5855	105	87
5856	105	90
5857	108	-90
5858	108	-87
5859	108	-84
5860	108	-81
5861	108	-78
5862	108	-75
5863	108	-72
5864	108	-69
5865	108	-66
5866	108	-63
5867	108	-60
5868	108	-57
5869	108	-54
5870	108	-51
5871	108	-48
5872	108	-45
5873	108	-42
5874	108	-39
5875	108	-36
5876	108	-33
5877	108	-30
5878	108	-27
5879	108	-24
5880	108	-21
5881	108	-18
5882	108	-15
5883	108	-12
5884	108	-9
5885	108	-6
5886	108	-3
5887	108	0
5888	108	3
5889	108	6
5890	108	9
5891	108	12
5892	108	15
5893	108	18
5894	108	21
5895	108	24
5896	108	27
5897	108	30
5898	108	33
5899	108	36
5900	108	39
5901	108	42
5902	108	45
5903	108	48
5904	108	51
5905	108	54
5906	108	57
5907	108	60
5908	108	63
5909	108	66
5910	108	69
5911	108	72
5912	108	75
5913	108	78
5914	108	81
5915	108	84
5916	108	87
5917	108	90
5918	111	-90
5919	111	-87
5920	111	-84
5921	111	-81
5922	111	-78
5923	111	-75
5924	111	-72
5925	111	-69
5926	111	-66
5927	111	-63
5928	111	-60
5929	111	-57
5930	111	-54
5931	111	-51
5932	111	-48
5933	111	-45
5934	111	-42
5935	111	-39
5936	111	-36
5937	111	-33
5938	111	-30
5939	111	-27
5940	111	-24
5941	111	-21
5942	111	-18
5943	111	-15
5944	111	-12
5945	111	-9
5946	111	-6
5947	111	-3
5948	111	0
5949	111	3
5950	111	6
5951	111	9
5952	111	12
5953	111	15
5954	111	18
5955	111	21
5956	111	24
5957	111	27
5958	111	30
5959	111	33
5960	111	36
5961	111	39
5962	111	42
5963	111	45
5964	111	48
5965	111	51
5966	111	54
5967	111	57
5968	111	60
5969	111	63
5970	111	66
5971	111	69
5972	111	72
5973	111	75
5974	111	78
5975	111	81
5976	111	84
5977	111	87
5978	111	90
5979	114	-90
5980	114	-87
5981	114	-84
5982	114	-81
5983	114	-78
5984	114	-75
5985	114	-72
5986	114	-69
5987	114	-66
5988	114	-63
5989	114	-60
5990	114	-57
5991	114	-54
5992	114	-51
5993	114	-48
5994	114	-45
5995	114	-42
5996	114	-39
5997	114	-36
5998	114	-33
5999	114	-30
6000	114	-27
6001	114	-24
6002	114	-21
6003	114	-18
6004	114	-15
6005	114	-12
6006	114	-9
6007	114	-6
6008	114	-3
6009	114	0
6010	114	3
6011	114	6
6012	114	9
6013	114	12
6014	114	15
6015	114	18
6016	114	21
6017	114	24
6018	114	27
6019	114	30
6020	114	33
6021	114	36
6022	114	39
6023	114	42
6024	114	45
6025	114	48
6026	114	51
6027	114	54
6028	114	57
6029	114	60
6030	114	63
6031	114	66
6032	114	69
6033	114	72
6034	114	75
6035	114	78
6036	114	81
6037	114	84
6038	114	87
6039	114	90
6040	117	-90
6041	117	-87
6042	117	-84
6043	117	-81
6044	117	-78
6045	117	-75
6046	117	-72
6047	117	-69
6048	117	-66
6049	117	-63
6050	117	-60
6051	117	-57
6052	117	-54
6053	117	-51
6054	117	-48
6055	117	-45
6056	117	-42
6057	117	-39
6058	117	-36
6059	117	-33
6060	117	-30
6061	117	-27
6062	117	-24
6063	117	-21
6064	117	-18
6065	117	-15
6066	117	-12
6067	117	-9
6068	117	-6
6069	117	-3
6070	117	0
6071	117	3
6072	117	6
6073	117	9
6074	117	12
6075	117	15
6076	117	18
6077	117	21
6078	117	24
6079	117	27
6080	117	30
6081	117	33
6082	117	36
6083	117	39
6084	117	42
6085	117	45
6086	117	48
6087	117	51
6088	117	54
6089	117	57
6090	117	60
6091	117	63
6092	117	66
6093	117	69
6094	117	72
6095	117	75
6096	117	78
6097	117	81
6098	117	84
6099	117	87
6100	117	90
6101	120	-90
6102	120	-87
6103	120	-84
6104	120	-81
6105	120	-78
6106	120	-75
6107	120	-72
6108	120	-69
6109	120	-66
6110	120	-63
6111	120	-60
6112	120	-57
6113	120	-54
6114	120	-51
6115	120	-48
6116	120	-45
6117	120	-42
6118	120	-39
6119	120	-36
6120	120	-33
6121	120	-30
6122	120	-27
6123	120	-24
6124	120	-21
6125	120	-18
6126	120	-15
6127	120	-12
6128	120	-9
6129	120	-6
6130	120	-3
6131	120	0
6132	120	3
6133	120	6
6134	120	9
6135	120	12
6136	120	15
6137	120	18
6138	120	21
6139	120	24
6140	120	27
6141	120	30
6142	120	33
6143	120	36
6144	120	39
6145	120	42
6146	120	45
6147	120	48
6148	120	51
6149	120	54
6150	120	57
6151	120	60
6152	120	63
6153	120	66
6154	120	69
6155	120	72
6156	120	75
6157	120	78
6158	120	81
6159	120	84
6160	120	87
6161	120	90
6162	123	-90
6163	123	-87
6164	123	-84
6165	123	-81
6166	123	-78
6167	123	-75
6168	123	-72
6169	123	-69
6170	123	-66
6171	123	-63
6172	123	-60
6173	123	-57
6174	123	-54
6175	123	-51
6176	123	-48
6177	123	-45
6178	123	-42
6179	123	-39
6180	123	-36
6181	123	-33
6182	123	-30
6183	123	-27
6184	123	-24
6185	123	-21
6186	123	-18
6187	123	-15
6188	123	-12
6189	123	-9
6190	123	-6
6191	123	-3
6192	123	0
6193	123	3
6194	123	6
6195	123	9
6196	123	12
6197	123	15
6198	123	18
6199	123	21
6200	123	24
6201	123	27
6202	123	30
6203	123	33
6204	123	36
6205	123	39
6206	123	42
6207	123	45
6208	123	48
6209	123	51
6210	123	54
6211	123	57
6212	123	60
6213	123	63
6214	123	66
6215	123	69
6216	123	72
6217	123	75
6218	123	78
6219	123	81
6220	123	84
6221	123	87
6222	123	90
6223	126	-90
6224	126	-87
6225	126	-84
6226	126	-81
6227	126	-78
6228	126	-75
6229	126	-72
6230	126	-69
6231	126	-66
6232	126	-63
6233	126	-60
6234	126	-57
6235	126	-54
6236	126	-51
6237	126	-48
6238	126	-45
6239	126	-42
6240	126	-39
6241	126	-36
6242	126	-33
6243	126	-30
6244	126	-27
6245	126	-24
6246	126	-21
6247	126	-18
6248	126	-15
6249	126	-12
6250	126	-9
6251	126	-6
6252	126	-3
6253	126	0
6254	126	3
6255	126	6
6256	126	9
6257	126	12
6258	126	15
6259	126	18
6260	126	21
6261	126	24
6262	126	27
6263	126	30
6264	126	33
6265	126	36
6266	126	39
6267	126	42
6268	126	45
6269	126	48
6270	126	51
6271	126	54
6272	126	57
6273	126	60
6274	126	63
6275	126	66
6276	126	69
6277	126	72
6278	126	75
6279	126	78
6280	126	81
6281	126	84
6282	126	87
6283	126	90
6284	129	-90
6285	129	-87
6286	129	-84
6287	129	-81
6288	129	-78
6289	129	-75
6290	129	-72
6291	129	-69
6292	129	-66
6293	129	-63
6294	129	-60
6295	129	-57
6296	129	-54
6297	129	-51
6298	129	-48
6299	129	-45
6300	129	-42
6301	129	-39
6302	129	-36
6303	129	-33
6304	129	-30
6305	129	-27
6306	129	-24
6307	129	-21
6308	129	-18
6309	129	-15
6310	129	-12
6311	129	-9
6312	129	-6
6313	129	-3
6314	129	0
6315	129	3
6316	129	6
6317	129	9
6318	129	12
6319	129	15
6320	129	18
6321	129	21
6322	129	24
6323	129	27
6324	129	30
6325	129	33
6326	129	36
6327	129	39
6328	129	42
6329	129	45
6330	129	48
6331	129	51
6332	129	54
6333	129	57
6334	129	60
6335	129	63
6336	129	66
6337	129	69
6338	129	72
6339	129	75
6340	129	78
6341	129	81
6342	129	84
6343	129	87
6344	129	90
6345	132	-90
6346	132	-87
6347	132	-84
6348	132	-81
6349	132	-78
6350	132	-75
6351	132	-72
6352	132	-69
6353	132	-66
6354	132	-63
6355	132	-60
6356	132	-57
6357	132	-54
6358	132	-51
6359	132	-48
6360	132	-45
6361	132	-42
6362	132	-39
6363	132	-36
6364	132	-33
6365	132	-30
6366	132	-27
6367	132	-24
6368	132	-21
6369	132	-18
6370	132	-15
6371	132	-12
6372	132	-9
6373	132	-6
6374	132	-3
6375	132	0
6376	132	3
6377	132	6
6378	132	9
6379	132	12
6380	132	15
6381	132	18
6382	132	21
6383	132	24
6384	132	27
6385	132	30
6386	132	33
6387	132	36
6388	132	39
6389	132	42
6390	132	45
6391	132	48
6392	132	51
6393	132	54
6394	132	57
6395	132	60
6396	132	63
6397	132	66
6398	132	69
6399	132	72
6400	132	75
6401	132	78
6402	132	81
6403	132	84
6404	132	87
6405	132	90
6406	135	-90
6407	135	-87
6408	135	-84
6409	135	-81
6410	135	-78
6411	135	-75
6412	135	-72
6413	135	-69
6414	135	-66
6415	135	-63
6416	135	-60
6417	135	-57
6418	135	-54
6419	135	-51
6420	135	-48
6421	135	-45
6422	135	-42
6423	135	-39
6424	135	-36
6425	135	-33
6426	135	-30
6427	135	-27
6428	135	-24
6429	135	-21
6430	135	-18
6431	135	-15
6432	135	-12
6433	135	-9
6434	135	-6
6435	135	-3
6436	135	0
6437	135	3
6438	135	6
6439	135	9
6440	135	12
6441	135	15
6442	135	18
6443	135	21
6444	135	24
6445	135	27
6446	135	30
6447	135	33
6448	135	36
6449	135	39
6450	135	42
6451	135	45
6452	135	48
6453	135	51
6454	135	54
6455	135	57
6456	135	60
6457	135	63
6458	135	66
6459	135	69
6460	135	72
6461	135	75
6462	135	78
6463	135	81
6464	135	84
6465	135	87
6466	135	90
6467	138	-90
6468	138	-87
6469	138	-84
6470	138	-81
6471	138	-78
6472	138	-75
6473	138	-72
6474	138	-69
6475	138	-66
6476	138	-63
6477	138	-60
6478	138	-57
6479	138	-54
6480	138	-51
6481	138	-48
6482	138	-45
6483	138	-42
6484	138	-39
6485	138	-36
6486	138	-33
6487	138	-30
6488	138	-27
6489	138	-24
6490	138	-21
6491	138	-18
6492	138	-15
6493	138	-12
6494	138	-9
6495	138	-6
6496	138	-3
6497	138	0
6498	138	3
6499	138	6
6500	138	9
6501	138	12
6502	138	15
6503	138	18
6504	138	21
6505	138	24
6506	138	27
6507	138	30
6508	138	33
6509	138	36
6510	138	39
6511	138	42
6512	138	45
6513	138	48
6514	138	51
6515	138	54
6516	138	57
6517	138	60
6518	138	63
6519	138	66
6520	138	69
6521	138	72
6522	138	75
6523	138	78
6524	138	81
6525	138	84
6526	138	87
6527	138	90
6528	141	-90
6529	141	-87
6530	141	-84
6531	141	-81
6532	141	-78
6533	141	-75
6534	141	-72
6535	141	-69
6536	141	-66
6537	141	-63
6538	141	-60
6539	141	-57
6540	141	-54
6541	141	-51
6542	141	-48
6543	141	-45
6544	141	-42
6545	141	-39
6546	141	-36
6547	141	-33
6548	141	-30
6549	141	-27
6550	141	-24
6551	141	-21
6552	141	-18
6553	141	-15
6554	141	-12
6555	141	-9
6556	141	-6
6557	141	-3
6558	141	0
6559	141	3
6560	141	6
6561	141	9
6562	141	12
6563	141	15
6564	141	18
6565	141	21
6566	141	24
6567	141	27
6568	141	30
6569	141	33
6570	141	36
6571	141	39
6572	141	42
6573	141	45
6574	141	48
6575	141	51
6576	141	54
6577	141	57
6578	141	60
6579	141	63
6580	141	66
6581	141	69
6582	141	72
6583	141	75
6584	141	78
6585	141	81
6586	141	84
6587	141	87
6588	141	90
6589	144	-90
6590	144	-87
6591	144	-84
6592	144	-81
6593	144	-78
6594	144	-75
6595	144	-72
6596	144	-69
6597	144	-66
6598	144	-63
6599	144	-60
6600	144	-57
6601	144	-54
6602	144	-51
6603	144	-48
6604	144	-45
6605	144	-42
6606	144	-39
6607	144	-36
6608	144	-33
6609	144	-30
6610	144	-27
6611	144	-24
6612	144	-21
6613	144	-18
6614	144	-15
6615	144	-12
6616	144	-9
6617	144	-6
6618	144	-3
6619	144	0
6620	144	3
6621	144	6
6622	144	9
6623	144	12
6624	144	15
6625	144	18
6626	144	21
6627	144	24
6628	144	27
6629	144	30
6630	144	33
6631	144	36
6632	144	39
6633	144	42
6634	144	45
6635	144	48
6636	144	51
6637	144	54
6638	144	57
6639	144	60
6640	144	63
6641	144	66
6642	144	69
6643	144	72
6644	144	75
6645	144	78
6646	144	81
6647	144	84
6648	144	87
6649	144	90
6650	147	-90
6651	147	-87
6652	147	-84
6653	147	-81
6654	147	-78
6655	147	-75
6656	147	-72
6657	147	-69
6658	147	-66
6659	147	-63
6660	147	-60
6661	147	-57
6662	147	-54
6663	147	-51
6664	147	-48
6665	147	-45
6666	147	-42
6667	147	-39
6668	147	-36
6669	147	-33
6670	147	-30
6671	147	-27
6672	147	-24
6673	147	-21
6674	147	-18
6675	147	-15
6676	147	-12
6677	147	-9
6678	147	-6
6679	147	-3
6680	147	0
6681	147	3
6682	147	6
6683	147	9
6684	147	12
6685	147	15
6686	147	18
6687	147	21
6688	147	24
6689	147	27
6690	147	30
6691	147	33
6692	147	36
6693	147	39
6694	147	42
6695	147	45
6696	147	48
6697	147	51
6698	147	54
6699	147	57
6700	147	60
6701	147	63
6702	147	66
6703	147	69
6704	147	72
6705	147	75
6706	147	78
6707	147	81
6708	147	84
6709	147	87
6710	147	90
6711	150	-90
6712	150	-87
6713	150	-84
6714	150	-81
6715	150	-78
6716	150	-75
6717	150	-72
6718	150	-69
6719	150	-66
6720	150	-63
6721	150	-60
6722	150	-57
6723	150	-54
6724	150	-51
6725	150	-48
6726	150	-45
6727	150	-42
6728	150	-39
6729	150	-36
6730	150	-33
6731	150	-30
6732	150	-27
6733	150	-24
6734	150	-21
6735	150	-18
6736	150	-15
6737	150	-12
6738	150	-9
6739	150	-6
6740	150	-3
6741	150	0
6742	150	3
6743	150	6
6744	150	9
6745	150	12
6746	150	15
6747	150	18
6748	150	21
6749	150	24
6750	150	27
6751	150	30
6752	150	33
6753	150	36
6754	150	39
6755	150	42
6756	150	45
6757	150	48
6758	150	51
6759	150	54
6760	150	57
6761	150	60
6762	150	63
6763	150	66
6764	150	69
6765	150	72
6766	150	75
6767	150	78
6768	150	81
6769	150	84
6770	150	87
6771	150	90
6772	153	-90
6773	153	-87
6774	153	-84
6775	153	-81
6776	153	-78
6777	153	-75
6778	153	-72
6779	153	-69
6780	153	-66
6781	153	-63
6782	153	-60
6783	153	-57
6784	153	-54
6785	153	-51
6786	153	-48
6787	153	-45
6788	153	-42
6789	153	-39
6790	153	-36
6791	153	-33
6792	153	-30
6793	153	-27
6794	153	-24
6795	153	-21
6796	153	-18
6797	153	-15
6798	153	-12
6799	153	-9
6800	153	-6
6801	153	-3
6802	153	0
6803	153	3
6804	153	6
6805	153	9
6806	153	12
6807	153	15
6808	153	18
6809	153	21
6810	153	24
6811	153	27
6812	153	30
6813	153	33
6814	153	36
6815	153	39
6816	153	42
6817	153	45
6818	153	48
6819	153	51
6820	153	54
6821	153	57
6822	153	60
6823	153	63
6824	153	66
6825	153	69
6826	153	72
6827	153	75
6828	153	78
6829	153	81
6830	153	84
6831	153	87
6832	153	90
6833	156	-90
6834	156	-87
6835	156	-84
6836	156	-81
6837	156	-78
6838	156	-75
6839	156	-72
6840	156	-69
6841	156	-66
6842	156	-63
6843	156	-60
6844	156	-57
6845	156	-54
6846	156	-51
6847	156	-48
6848	156	-45
6849	156	-42
6850	156	-39
6851	156	-36
6852	156	-33
6853	156	-30
6854	156	-27
6855	156	-24
6856	156	-21
6857	156	-18
6858	156	-15
6859	156	-12
6860	156	-9
6861	156	-6
6862	156	-3
6863	156	0
6864	156	3
6865	156	6
6866	156	9
6867	156	12
6868	156	15
6869	156	18
6870	156	21
6871	156	24
6872	156	27
6873	156	30
6874	156	33
6875	156	36
6876	156	39
6877	156	42
6878	156	45
6879	156	48
6880	156	51
6881	156	54
6882	156	57
6883	156	60
6884	156	63
6885	156	66
6886	156	69
6887	156	72
6888	156	75
6889	156	78
6890	156	81
6891	156	84
6892	156	87
6893	156	90
6894	159	-90
6895	159	-87
6896	159	-84
6897	159	-81
6898	159	-78
6899	159	-75
6900	159	-72
6901	159	-69
6902	159	-66
6903	159	-63
6904	159	-60
6905	159	-57
6906	159	-54
6907	159	-51
6908	159	-48
6909	159	-45
6910	159	-42
6911	159	-39
6912	159	-36
6913	159	-33
6914	159	-30
6915	159	-27
6916	159	-24
6917	159	-21
6918	159	-18
6919	159	-15
6920	159	-12
6921	159	-9
6922	159	-6
6923	159	-3
6924	159	0
6925	159	3
6926	159	6
6927	159	9
6928	159	12
6929	159	15
6930	159	18
6931	159	21
6932	159	24
6933	159	27
6934	159	30
6935	159	33
6936	159	36
6937	159	39
6938	159	42
6939	159	45
6940	159	48
6941	159	51
6942	159	54
6943	159	57
6944	159	60
6945	159	63
6946	159	66
6947	159	69
6948	159	72
6949	159	75
6950	159	78
6951	159	81
6952	159	84
6953	159	87
6954	159	90
6955	162	-90
6956	162	-87
6957	162	-84
6958	162	-81
6959	162	-78
6960	162	-75
6961	162	-72
6962	162	-69
6963	162	-66
6964	162	-63
6965	162	-60
6966	162	-57
6967	162	-54
6968	162	-51
6969	162	-48
6970	162	-45
6971	162	-42
6972	162	-39
6973	162	-36
6974	162	-33
6975	162	-30
6976	162	-27
6977	162	-24
6978	162	-21
6979	162	-18
6980	162	-15
6981	162	-12
6982	162	-9
6983	162	-6
6984	162	-3
6985	162	0
6986	162	3
6987	162	6
6988	162	9
6989	162	12
6990	162	15
6991	162	18
6992	162	21
6993	162	24
6994	162	27
6995	162	30
6996	162	33
6997	162	36
6998	162	39
6999	162	42
7000	162	45
7001	162	48
7002	162	51
7003	162	54
7004	162	57
7005	162	60
7006	162	63
7007	162	66
7008	162	69
7009	162	72
7010	162	75
7011	162	78
7012	162	81
7013	162	84
7014	162	87
7015	162	90
7016	165	-90
7017	165	-87
7018	165	-84
7019	165	-81
7020	165	-78
7021	165	-75
7022	165	-72
7023	165	-69
7024	165	-66
7025	165	-63
7026	165	-60
7027	165	-57
7028	165	-54
7029	165	-51
7030	165	-48
7031	165	-45
7032	165	-42
7033	165	-39
7034	165	-36
7035	165	-33
7036	165	-30
7037	165	-27
7038	165	-24
7039	165	-21
7040	165	-18
7041	165	-15
7042	165	-12
7043	165	-9
7044	165	-6
7045	165	-3
7046	165	0
7047	165	3
7048	165	6
7049	165	9
7050	165	12
7051	165	15
7052	165	18
7053	165	21
7054	165	24
7055	165	27
7056	165	30
7057	165	33
7058	165	36
7059	165	39
7060	165	42
7061	165	45
7062	165	48
7063	165	51
7064	165	54
7065	165	57
7066	165	60
7067	165	63
7068	165	66
7069	165	69
7070	165	72
7071	165	75
7072	165	78
7073	165	81
7074	165	84
7075	165	87
7076	165	90
7077	168	-90
7078	168	-87
7079	168	-84
7080	168	-81
7081	168	-78
7082	168	-75
7083	168	-72
7084	168	-69
7085	168	-66
7086	168	-63
7087	168	-60
7088	168	-57
7089	168	-54
7090	168	-51
7091	168	-48
7092	168	-45
7093	168	-42
7094	168	-39
7095	168	-36
7096	168	-33
7097	168	-30
7098	168	-27
7099	168	-24
7100	168	-21
7101	168	-18
7102	168	-15
7103	168	-12
7104	168	-9
7105	168	-6
7106	168	-3
7107	168	0
7108	168	3
7109	168	6
7110	168	9
7111	168	12
7112	168	15
7113	168	18
7114	168	21
7115	168	24
7116	168	27
7117	168	30
7118	168	33
7119	168	36
7120	168	39
7121	168	42
7122	168	45
7123	168	48
7124	168	51
7125	168	54
7126	168	57
7127	168	60
7128	168	63
7129	168	66
7130	168	69
7131	168	72
7132	168	75
7133	168	78
7134	168	81
7135	168	84
7136	168	87
7137	168	90
7138	171	-90
7139	171	-87
7140	171	-84
7141	171	-81
7142	171	-78
7143	171	-75
7144	171	-72
7145	171	-69
7146	171	-66
7147	171	-63
7148	171	-60
7149	171	-57
7150	171	-54
7151	171	-51
7152	171	-48
7153	171	-45
7154	171	-42
7155	171	-39
7156	171	-36
7157	171	-33
7158	171	-30
7159	171	-27
7160	171	-24
7161	171	-21
7162	171	-18
7163	171	-15
7164	171	-12
7165	171	-9
7166	171	-6
7167	171	-3
7168	171	0
7169	171	3
7170	171	6
7171	171	9
7172	171	12
7173	171	15
7174	171	18
7175	171	21
7176	171	24
7177	171	27
7178	171	30
7179	171	33
7180	171	36
7181	171	39
7182	171	42
7183	171	45
7184	171	48
7185	171	51
7186	171	54
7187	171	57
7188	171	60
7189	171	63
7190	171	66
7191	171	69
7192	171	72
7193	171	75
7194	171	78
7195	171	81
7196	171	84
7197	171	87
7198	171	90
7199	174	-90
7200	174	-87
7201	174	-84
7202	174	-81
7203	174	-78
7204	174	-75
7205	174	-72
7206	174	-69
7207	174	-66
7208	174	-63
7209	174	-60
7210	174	-57
7211	174	-54
7212	174	-51
7213	174	-48
7214	174	-45
7215	174	-42
7216	174	-39
7217	174	-36
7218	174	-33
7219	174	-30
7220	174	-27
7221	174	-24
7222	174	-21
7223	174	-18
7224	174	-15
7225	174	-12
7226	174	-9
7227	174	-6
7228	174	-3
7229	174	0
7230	174	3
7231	174	6
7232	174	9
7233	174	12
7234	174	15
7235	174	18
7236	174	21
7237	174	24
7238	174	27
7239	174	30
7240	174	33
7241	174	36
7242	174	39
7243	174	42
7244	174	45
7245	174	48
7246	174	51
7247	174	54
7248	174	57
7249	174	60
7250	174	63
7251	174	66
7252	174	69
7253	174	72
7254	174	75
7255	174	78
7256	174	81
7257	174	84
7258	174	87
7259	174	90
7260	177	-90
7261	177	-87
7262	177	-84
7263	177	-81
7264	177	-78
7265	177	-75
7266	177	-72
7267	177	-69
7268	177	-66
7269	177	-63
7270	177	-60
7271	177	-57
7272	177	-54
7273	177	-51
7274	177	-48
7275	177	-45
7276	177	-42
7277	177	-39
7278	177	-36
7279	177	-33
7280	177	-30
7281	177	-27
7282	177	-24
7283	177	-21
7284	177	-18
7285	177	-15
7286	177	-12
7287	177	-9
7288	177	-6
7289	177	-3
7290	177	0
7291	177	3
7292	177	6
7293	177	9
7294	177	12
7295	177	15
7296	177	18
7297	177	21
7298	177	24
7299	177	27
7300	177	30
7301	177	33
7302	177	36
7303	177	39
7304	177	42
7305	177	45
7306	177	48
7307	177	51
7308	177	54
7309	177	57
7310	177	60
7311	177	63
7312	177	66
7313	177	69
7314	177	72
7315	177	75
7316	177	78
7317	177	81
7318	177	84
7319	177	87
7320	177	90
7321	180	-90
7322	180	-87
7323	180	-84
7324	180	-81
7325	180	-78
7326	180	-75
7327	180	-72
7328	180	-69
7329	180	-66
7330	180	-63
7331	180	-60
7332	180	-57
7333	180	-54
7334	180	-51
7335	180	-48
7336	180	-45
7337	180	-42
7338	180	-39
7339	180	-36
7340	180	-33
7341	180	-30
7342	180	-27
7343	180	-24
7344	180	-21
7345	180	-18
7346	180	-15
7347	180	-12
7348	180	-9
7349	180	-6
7350	180	-3
7351	180	0
7352	180	3
7353	180	6
7354	180	9
7355	180	12
7356	180	15
7357	180	18
7358	180	21
7359	180	24
7360	180	27
7361	180	30
7362	180	33
7363	180	36
7364	180	39
7365	180	42
7366	180	45
7367	180	48
7368	180	51
7369	180	54
7370	180	57
7371	180	60
7372	180	63
7373	180	66
7374	180	69
7375	180	72
7376	180	75
7377	180	78
7378	180	81
7379	180	84
7380	180	87
7381	180	90
