9001	16	74
9002	16	76
9003	16	78
9004	16	80
9005	16	82
9006	16	84
9007	16	86
9008	16	88
9009	16	90
9010	18	-90
9011	18	-88
9012	18	-86
9013	18	-84
9014	18	-82
9015	18	-80
9016	18	-78
9017	18	-76
9018	18	-74
9019	18	-72
9020	18	-70
9021	18	-68
9022	18	-66
9023	18	-64
9024	18	-62
9025	18	-60
9026	18	-58
9027	18	-56
9028	18	-54
9029	18	-52
9030	18	-50
9031	18	-48
9032	18	-46
9033	18	-44
9034	18	-42
9035	18	-40
9036	18	-38
9037	18	-36
9038	18	-34
9039	18	-32
9040	18	-30
9041	18	-28
9042	18	-26
9043	18	-24
9044	18	-22
9045	18	-20
9046	18	-18
9047	18	-16
9048	18	-14
9049	18	-12
9050	18	-10
9051	18	-8
9052	18	-6
9053	18	-4
9054	18	-2
9055	18	0
9056	18	2
9057	18	4
9058	18	6
9059	18	8
9060	18	10
9061	18	12
9062	18	14
9063	18	16
9064	18	18
9065	18	20
9066	18	22
9067	18	24
9068	18	26
9069	18	28
9070	18	30
9071	18	32
9072	18	34
9073	18	36
9074	18	38
9075	18	40
9076	18	42
9077	18	44
9078	18	46
9079	18	48
9080	18	50
9081	18	52
9082	18	54
9083	18	56
9084	18	58
9085	18	60
9086	18	62
9087	18	64
9088	18	66
9089	18	68
9090	18	70
9091	18	72
9092	18	74
9093	18	76
9094	18	78
9095	18	80
9096	18	82
9097	18	84
9098	18	86
9099	18	88
9100	18	90
9101	20	-90
9102	20	-88
9103	20	-86
9104	20	-84
9105	20	-82
9106	20	-80
9107	20	-78
9108	20	-76
9109	20	-74
9110	20	-72
9111	20	-70
9112	20	-68
9113	20	-66
9114	20	-64
9115	20	-62
9116	20	-60
9117	20	-58
9118	20	-56
9119	20	-54
9120	20	-52
9121	20	-50
9122	20	-48
9123	20	-46
9124	20	-44
9125	20	-42
9126	20	-40
9127	20	-38
9128	20	-36
9129	20	-34
9130	20	-32
9131	20	-30
9132	20	-28
9133	20	-26
9134	20	-24
9135	20	-22
9136	20	-20
9137	20	-18
9138	20	-16
9139	20	-14
9140	20	-12
9141	20	-10
9142	20	-8
9143	20	-6
9144	20	-4
9145	20	-2
9146	20	0
9147	20	2
9148	20	4
9149	20	6
9150	20	8
9151	20	10
9152	20	12
9153	20	14
9154	20	16
9155	20	18
9156	20	20
9157	20	22
9158	20	24
9159	20	26
9160	20	28
9161	20	30
9162	20	32
9163	20	34
9164	20	36
9165	20	38
9166	20	40
9167	20	42
9168	20	44
9169	20	46
9170	20	48
9171	20	50
9172	20	52
9173	20	54
9174	20	56
9175	20	58
9176	20	60
9177	20	62
9178	20	64
9179	20	66
9180	20	68
9181	20	70
9182	20	72
9183	20	74
9184	20	76
9185	20	78
9186	20	80
9187	20	82
9188	20	84
9189	20	86
9190	20	88
9191	20	90
9192	22	-90
9193	22	-88
9194	22	-86
9195	22	-84
9196	22	-82
9197	22	-80
9198	22	-78
9199	22	-76
9200	22	-74
9201	22	-72
9202	22	-70
9203	22	-68
9204	22	-66
9205	22	-64
9206	22	-62
9207	22	-60
9208	22	-58
9209	22	-56
9210	22	-54
9211	22	-52
9212	22	-50
9213	22	-48
9214	22	-46
9215	22	-44
9216	22	-42
9217	22	-40
9218	22	-38
9219	22	-36
9220	22	-34
9221	22	-32
9222	22	-30
9223	22	-28
9224	22	-26
9225	22	-24
9226	22	-22
9227	22	-20
9228	22	-18
9229	22	-16
9230	22	-14
9231	22	-12
9232	22	-10
9233	22	-8
9234	22	-6
9235	22	-4
9236	22	-2
9237	22	0
9238	22	2
9239	22	4
9240	22	6
9241	22	8
9242	22	10
9243	22	12
9244	22	14
9245	22	16
9246	22	18
9247	22	20
9248	22	22
9249	22	24
9250	22	26
9251	22	28
9252	22	30
9253	22	32
9254	22	34
9255	22	36
9256	22	38
9257	22	40
9258	22	42
9259	22	44
9260	22	46
9261	22	48
9262	22	50
9263	22	52
9264	22	54
9265	22	56
9266	22	58
9267	22	60
9268	22	62
9269	22	64
9270	22	66
9271	22	68
9272	22	70
9273	22	72
9274	22	74
9275	22	76
9276	22	78
9277	22	80
9278	22	82
9279	22	84
9280	22	86
9281	22	88
9282	22	90
9283	24	-90
9284	24	-88
9285	24	-86
9286	24	-84
9287	24	-82
9288	24	-80
9289	24	-78
9290	24	-76
9291	24	-74
9292	24	-72
9293	24	-70
9294	24	-68
9295	24	-66
9296	24	-64
9297	24	-62
9298	24	-60
9299	24	-58
9300	24	-56
9301	24	-54
9302	24	-52
9303	24	-50
9304	24	-48
9305	24	-46
9306	24	-44
9307	24	-42
9308	24	-40
9309	24	-38
9310	24	-36
9311	24	-34
9312	24	-32
9313	24	-30
9314	24	-28
9315	24	-26
9316	24	-24
9317	24	-22
9318	24	-20
9319	24	-18
9320	24	-16
9321	24	-14
9322	24	-12
9323	24	-10
9324	24	-8
9325	24	-6
9326	24	-4
9327	24	-2
9328	24	0
9329	24	2
9330	24	4
9331	24	6
9332	24	8
9333	24	10
9334	24	12
9335	24	14
9336	24	16
9337	24	18
9338	24	20
9339	24	22
9340	24	24
9341	24	26
9342	24	28
9343	24	30
9344	24	32
9345	24	34
9346	24	36
9347	24	38
9348	24	40
9349	24	42
9350	24	44
9351	24	46
9352	24	48
9353	24	50
9354	24	52
9355	24	54
9356	24	56
9357	24	58
9358	24	60
9359	24	62
9360	24	64
9361	24	66
9362	24	68
9363	24	70
9364	24	72
9365	24	74
9366	24	76
9367	24	78
9368	24	80
9369	24	82
9370	24	84
9371	24	86
9372	24	88
9373	24	90
9374	26	-90
9375	26	-88
9376	26	-86
9377	26	-84
9378	26	-82
9379	26	-80
9380	26	-78
9381	26	-76
9382	26	-74
9383	26	-72
9384	26	-70
9385	26	-68
9386	26	-66
9387	26	-64
9388	26	-62
9389	26	-60
9390	26	-58
9391	26	-56
9392	26	-54
9393	26	-52
9394	26	-50
9395	26	-48
9396	26	-46
9397	26	-44
9398	26	-42
9399	26	-40
9400	26	-38
9401	26	-36
9402	26	-34
9403	26	-32
9404	26	-30
9405	26	-28
9406	26	-26
9407	26	-24
9408	26	-22
9409	26	-20
9410	26	-18
9411	26	-16
9412	26	-14
9413	26	-12
9414	26	-10
9415	26	-8
9416	26	-6
9417	26	-4
9418	26	-2
9419	26	0
9420	26	2
9421	26	4
9422	26	6
9423	26	8
9424	26	10
9425	26	12
9426	26	14
9427	26	16
9428	26	18
9429	26	20
9430	26	22
9431	26	24
9432	26	26
9433	26	28
9434	26	30
9435	26	32
9436	26	34
9437	26	36
9438	26	38
9439	26	40
9440	26	42
9441	26	44
9442	26	46
9443	26	48
9444	26	50
9445	26	52
9446	26	54
9447	26	56
9448	26	58
9449	26	60
9450	26	62
9451	26	64
9452	26	66
9453	26	68
9454	26	70
9455	26	72
9456	26	74
9457	26	76
9458	26	78
9459	26	80
9460	26	82
9461	26	84
9462	26	86
9463	26	88
9464	26	90
9465	28	-90
9466	28	-88
9467	28	-86
9468	28	-84
9469	28	-82
9470	28	-80
9471	28	-78
9472	28	-76
9473	28	-74
9474	28	-72
9475	28	-70
9476	28	-68
9477	28	-66
9478	28	-64
9479	28	-62
9480	28	-60
9481	28	-58
9482	28	-56
9483	28	-54
9484	28	-52
9485	28	-50
9486	28	-48
9487	28	-46
9488	28	-44
9489	28	-42
9490	28	-40
9491	28	-38
9492	28	-36
9493	28	-34
9494	28	-32
9495	28	-30
9496	28	-28
9497	28	-26
9498	28	-24
9499	28	-22
9500	28	-20
9501	28	-18
9502	28	-16
9503	28	-14
9504	28	-12
9505	28	-10
9506	28	-8
9507	28	-6
9508	28	-4
9509	28	-2
9510	28	0
9511	28	2
9512	28	4
9513	28	6
9514	28	8
9515	28	10
9516	28	12
9517	28	14
9518	28	16
9519	28	18
9520	28	20
9521	28	22
9522	28	24
9523	28	26
9524	28	28
9525	28	30
9526	28	32
9527	28	34
9528	28	36
9529	28	38
9530	28	40
9531	28	42
9532	28	44
9533	28	46
9534	28	48
9535	28	50
9536	28	52
9537	28	54
9538	28	56
9539	28	58
9540	28	60
9541	28	62
9542	28	64
9543	28	66
9544	28	68
9545	28	70
9546	28	72
9547	28	74
9548	28	76
9549	28	78
9550	28	80
9551	28	82
9552	28	84
9553	28	86
9554	28	88
9555	28	90
9556	30	-90
9557	30	-88
9558	30	-86
9559	30	-84
9560	30	-82
9561	30	-80
9562	30	-78
9563	30	-76
9564	30	-74
9565	30	-72
9566	30	-70
9567	30	-68
9568	30	-66
9569	30	-64
9570	30	-62
9571	30	-60
9572	30	-58
9573	30	-56
9574	30	-54
9575	30	-52
9576	30	-50
9577	30	-48
9578	30	-46
9579	30	-44
9580	30	-42
9581	30	-40
9582	30	-38
9583	30	-36
9584	30	-34
9585	30	-32
9586	30	-30
9587	30	-28
9588	30	-26
9589	30	-24
9590	30	-22
9591	30	-20
9592	30	-18
9593	30	-16
9594	30	-14
9595	30	-12
9596	30	-10
9597	30	-8
9598	30	-6
9599	30	-4
9600	30	-2
9601	30	0
9602	30	2
9603	30	4
9604	30	6
9605	30	8
9606	30	10
9607	30	12
9608	30	14
9609	30	16
9610	30	18
9611	30	20
9612	30	22
9613	30	24
9614	30	26
9615	30	28
9616	30	30
9617	30	32
9618	30	34
9619	30	36
9620	30	38
9621	30	40
9622	30	42
9623	30	44
9624	30	46
9625	30	48
9626	30	50
9627	30	52
9628	30	54
9629	30	56
9630	30	58
9631	30	60
9632	30	62
9633	30	64
9634	30	66
9635	30	68
9636	30	70
9637	30	72
9638	30	74
9639	30	76
9640	30	78
9641	30	80
9642	30	82
9643	30	84
9644	30	86
9645	30	88
9646	30	90
9647	32	-90
9648	32	-88
9649	32	-86
9650	32	-84
9651	32	-82
9652	32	-80
9653	32	-78
9654	32	-76
9655	32	-74
9656	32	-72
9657	32	-70
9658	32	-68
9659	32	-66
9660	32	-64
9661	32	-62
9662	32	-60
9663	32	-58
9664	32	-56
9665	32	-54
9666	32	-52
9667	32	-50
9668	32	-48
9669	32	-46
9670	32	-44
9671	32	-42
9672	32	-40
9673	32	-38
9674	32	-36
9675	32	-34
9676	32	-32
9677	32	-30
9678	32	-28
9679	32	-26
9680	32	-24
9681	32	-22
9682	32	-20
9683	32	-18
9684	32	-16
9685	32	-14
9686	32	-12
9687	32	-10
9688	32	-8
9689	32	-6
9690	32	-4
9691	32	-2
9692	32	0
9693	32	2
9694	32	4
9695	32	6
9696	32	8
9697	32	10
9698	32	12
9699	32	14
9700	32	16
9701	32	18
9702	32	20
9703	32	22
9704	32	24
9705	32	26
9706	32	28
9707	32	30
9708	32	32
9709	32	34
9710	32	36
9711	32	38
9712	32	40
9713	32	42
9714	32	44
9715	32	46
9716	32	48
9717	32	50
9718	32	52
9719	32	54
9720	32	56
9721	32	58
9722	32	60
9723	32	62
9724	32	64
9725	32	66
9726	32	68
9727	32	70
9728	32	72
9729	32	74
9730	32	76
9731	32	78
9732	32	80
9733	32	82
9734	32	84
9735	32	86
9736	32	88
9737	32	90
9738	34	-90
9739	34	-88
9740	34	-86
9741	34	-84
9742	34	-82
9743	34	-80
9744	34	-78
9745	34	-76
9746	34	-74
9747	34	-72
9748	34	-70
9749	34	-68
9750	34	-66
9751	34	-64
9752	34	-62
9753	34	-60
9754	34	-58
9755	34	-56
9756	34	-54
9757	34	-52
9758	34	-50
9759	34	-48
9760	34	-46
9761	34	-44
9762	34	-42
9763	34	-40
9764	34	-38
9765	34	-36
9766	34	-34
9767	34	-32
9768	34	-30
9769	34	-28
9770	34	-26
9771	34	-24
9772	34	-22
9773	34	-20
9774	34	-18
9775	34	-16
9776	34	-14
9777	34	-12
9778	34	-10
9779	34	-8
9780	34	-6
9781	34	-4
9782	34	-2
9783	34	0
9784	34	2
9785	34	4
9786	34	6
9787	34	8
9788	34	10
9789	34	12
9790	34	14
9791	34	16
9792	34	18
9793	34	20
9794	34	22
9795	34	24
9796	34	26
9797	34	28
9798	34	30
9799	34	32
9800	34	34
9801	34	36
9802	34	38
9803	34	40
9804	34	42
9805	34	44
9806	34	46
9807	34	48
9808	34	50
9809	34	52
9810	34	54
9811	34	56
9812	34	58
9813	34	60
9814	34	62
9815	34	64
9816	34	66
9817	34	68
9818	34	70
9819	34	72
9820	34	74
9821	34	76
9822	34	78
9823	34	80
9824	34	82
9825	34	84
9826	34	86
9827	34	88
9828	34	90
9829	36	-90
9830	36	-88
9831	36	-86
9832	36	-84
9833	36	-82
9834	36	-80
9835	36	-78
9836	36	-76
9837	36	-74
9838	36	-72
9839	36	-70
9840	36	-68
9841	36	-66
9842	36	-64
9843	36	-62
9844	36	-60
9845	36	-58
9846	36	-56
9847	36	-54
9848	36	-52
9849	36	-50
9850	36	-48
9851	36	-46
9852	36	-44
9853	36	-42
9854	36	-40
9855	36	-38
9856	36	-36
9857	36	-34
9858	36	-32
9859	36	-30
9860	36	-28
9861	36	-26
9862	36	-24
9863	36	-22
9864	36	-20
9865	36	-18
9866	36	-16
9867	36	-14
9868	36	-12
9869	36	-10
9870	36	-8
9871	36	-6
9872	36	-4
9873	36	-2
9874	36	0
9875	36	2
9876	36	4
9877	36	6
9878	36	8
9879	36	10
9880	36	12
9881	36	14
9882	36	16
9883	36	18
9884	36	20
9885	36	22
9886	36	24
9887	36	26
9888	36	28
9889	36	30
9890	36	32
9891	36	34
9892	36	36
9893	36	38
9894	36	40
9895	36	42
9896	36	44
9897	36	46
9898	36	48
9899	36	50
9900	36	52
9901	36	54
9902	36	56
9903	36	58
9904	36	60
9905	36	62
9906	36	64
9907	36	66
9908	36	68
9909	36	70
9910	36	72
9911	36	74
9912	36	76
9913	36	78
9914	36	80
9915	36	82
9916	36	84
9917	36	86
9918	36	88
9919	36	90
9920	38	-90
9921	38	-88
9922	38	-86
9923	38	-84
9924	38	-82
9925	38	-80
9926	38	-78
9927	38	-76
9928	38	-74
9929	38	-72
9930	38	-70
9931	38	-68
9932	38	-66
9933	38	-64
9934	38	-62
9935	38	-60
9936	38	-58
9937	38	-56
9938	38	-54
9939	38	-52
9940	38	-50
9941	38	-48
9942	38	-46
9943	38	-44
9944	38	-42
9945	38	-40
9946	38	-38
9947	38	-36
9948	38	-34
9949	38	-32
9950	38	-30
9951	38	-28
9952	38	-26
9953	38	-24
9954	38	-22
9955	38	-20
9956	38	-18
9957	38	-16
9958	38	-14
9959	38	-12
9960	38	-10
9961	38	-8
9962	38	-6
9963	38	-4
9964	38	-2
9965	38	0
9966	38	2
9967	38	4
9968	38	6
9969	38	8
9970	38	10
9971	38	12
9972	38	14
9973	38	16
9974	38	18
9975	38	20
9976	38	22
9977	38	24
9978	38	26
9979	38	28
9980	38	30
9981	38	32
9982	38	34
9983	38	36
9984	38	38
9985	38	40
9986	38	42
9987	38	44
9988	38	46
9989	38	48
9990	38	50
9991	38	52
9992	38	54
9993	38	56
9994	38	58
9995	38	60
9996	38	62
9997	38	64
9998	38	66
9999	38	68
10000	38	70
10001	38	72
10002	38	74
10003	38	76
10004	38	78
10005	38	80
10006	38	82
10007	38	84
10008	38	86
10009	38	88
10010	38	90
10011	40	-90
10012	40	-88
10013	40	-86
10014	40	-84
10015	40	-82
10016	40	-80
10017	40	-78
10018	40	-76
10019	40	-74
10020	40	-72
10021	40	-70
10022	40	-68
10023	40	-66
10024	40	-64
10025	40	-62
10026	40	-60
10027	40	-58
10028	40	-56
10029	40	-54
10030	40	-52
10031	40	-50
10032	40	-48
10033	40	-46
10034	40	-44
10035	40	-42
10036	40	-40
10037	40	-38
10038	40	-36
10039	40	-34
10040	40	-32
10041	40	-30
10042	40	-28
10043	40	-26
10044	40	-24
10045	40	-22
10046	40	-20
10047	40	-18
10048	40	-16
10049	40	-14
10050	40	-12
10051	40	-10
10052	40	-8
10053	40	-6
10054	40	-4
10055	40	-2
10056	40	0
10057	40	2
10058	40	4
10059	40	6
10060	40	8
10061	40	10
10062	40	12
10063	40	14
10064	40	16
10065	40	18
10066	40	20
10067	40	22
10068	40	24
10069	40	26
10070	40	28
10071	40	30
10072	40	32
10073	40	34
10074	40	36
10075	40	38
10076	40	40
10077	40	42
10078	40	44
10079	40	46
10080	40	48
10081	40	50
10082	40	52
10083	40	54
10084	40	56
10085	40	58
10086	40	60
10087	40	62
10088	40	64
10089	40	66
10090	40	68
10091	40	70
10092	40	72
10093	40	74
10094	40	76
10095	40	78
10096	40	80
10097	40	82
10098	40	84
10099	40	86
10100	40	88
10101	40	90
10102	42	-90
10103	42	-88
10104	42	-86
10105	42	-84
10106	42	-82
10107	42	-80
10108	42	-78
10109	42	-76
10110	42	-74
10111	42	-72
10112	42	-70
10113	42	-68
10114	42	-66
10115	42	-64
10116	42	-62
10117	42	-60
10118	42	-58
10119	42	-56
10120	42	-54
10121	42	-52
10122	42	-50
10123	42	-48
10124	42	-46
10125	42	-44
10126	42	-42
10127	42	-40
10128	42	-38
10129	42	-36
10130	42	-34
10131	42	-32
10132	42	-30
10133	42	-28
10134	42	-26
10135	42	-24
10136	42	-22
10137	42	-20
10138	42	-18
10139	42	-16
10140	42	-14
10141	42	-12
10142	42	-10
10143	42	-8
10144	42	-6
10145	42	-4
10146	42	-2
10147	42	0
10148	42	2
10149	42	4
10150	42	6
10151	42	8
10152	42	10
10153	42	12
10154	42	14
10155	42	16
10156	42	18
10157	42	20
10158	42	22
10159	42	24
10160	42	26
10161	42	28
10162	42	30
10163	42	32
10164	42	34
10165	42	36
10166	42	38
10167	42	40
10168	42	42
10169	42	44
10170	42	46
10171	42	48
10172	42	50
10173	42	52
10174	42	54
10175	42	56
10176	42	58
10177	42	60
10178	42	62
10179	42	64
10180	42	66
10181	42	68
10182	42	70
10183	42	72
10184	42	74
10185	42	76
10186	42	78
10187	42	80
10188	42	82
10189	42	84
10190	42	86
10191	42	88
10192	42	90
10193	44	-90
10194	44	-88
10195	44	-86
10196	44	-84
10197	44	-82
10198	44	-80
10199	44	-78
10200	44	-76
10201	44	-74
10202	44	-72
10203	44	-70
10204	44	-68
10205	44	-66
10206	44	-64
10207	44	-62
10208	44	-60
10209	44	-58
10210	44	-56
10211	44	-54
10212	44	-52
10213	44	-50
10214	44	-48
10215	44	-46
10216	44	-44
10217	44	-42
10218	44	-40
10219	44	-38
10220	44	-36
10221	44	-34
10222	44	-32
10223	44	-30
10224	44	-28
10225	44	-26
10226	44	-24
10227	44	-22
10228	44	-20
10229	44	-18
10230	44	-16
10231	44	-14
10232	44	-12
10233	44	-10
10234	44	-8
10235	44	-6
10236	44	-4
10237	44	-2
10238	44	0
10239	44	2
10240	44	4
10241	44	6
10242	44	8
10243	44	10
10244	44	12
10245	44	14
10246	44	16
10247	44	18
10248	44	20
10249	44	22
10250	44	24
10251	44	26
10252	44	28
10253	44	30
10254	44	32
10255	44	34
10256	44	36
10257	44	38
10258	44	40
10259	44	42
10260	44	44
10261	44	46
10262	44	48
10263	44	50
10264	44	52
10265	44	54
10266	44	56
10267	44	58
10268	44	60
10269	44	62
10270	44	64
10271	44	66
10272	44	68
10273	44	70
10274	44	72
10275	44	74
10276	44	76
10277	44	78
10278	44	80
10279	44	82
10280	44	84
10281	44	86
10282	44	88
10283	44	90
10284	46	-90
10285	46	-88
10286	46	-86
10287	46	-84
10288	46	-82
10289	46	-80
10290	46	-78
10291	46	-76
10292	46	-74
10293	46	-72
10294	46	-70
10295	46	-68
10296	46	-66
10297	46	-64
10298	46	-62
10299	46	-60
10300	46	-58
10301	46	-56
10302	46	-54
10303	46	-52
10304	46	-50
10305	46	-48
10306	46	-46
10307	46	-44
10308	46	-42
10309	46	-40
10310	46	-38
10311	46	-36
10312	46	-34
10313	46	-32
10314	46	-30
10315	46	-28
10316	46	-26
10317	46	-24
10318	46	-22
10319	46	-20
10320	46	-18
10321	46	-16
10322	46	-14
10323	46	-12
10324	46	-10
10325	46	-8
10326	46	-6
10327	46	-4
10328	46	-2
10329	46	0
10330	46	2
10331	46	4
10332	46	6
10333	46	8
10334	46	10
10335	46	12
10336	46	14
10337	46	16
10338	46	18
10339	46	20
10340	46	22
10341	46	24
10342	46	26
10343	46	28
10344	46	30
10345	46	32
10346	46	34
10347	46	36
10348	46	38
10349	46	40
10350	46	42
10351	46	44
10352	46	46
10353	46	48
10354	46	50
10355	46	52
10356	46	54
10357	46	56
10358	46	58
10359	46	60
10360	46	62
10361	46	64
10362	46	66
10363	46	68
10364	46	70
10365	46	72
10366	46	74
10367	46	76
10368	46	78
10369	46	80
10370	46	82
10371	46	84
10372	46	86
10373	46	88
10374	46	90
10375	48	-90
10376	48	-88
10377	48	-86
10378	48	-84
10379	48	-82
10380	48	-80
10381	48	-78
10382	48	-76
10383	48	-74
10384	48	-72
10385	48	-70
10386	48	-68
10387	48	-66
10388	48	-64
10389	48	-62
10390	48	-60
10391	48	-58
10392	48	-56
10393	48	-54
10394	48	-52
10395	48	-50
10396	48	-48
10397	48	-46
10398	48	-44
10399	48	-42
10400	48	-40
10401	48	-38
10402	48	-36
10403	48	-34
10404	48	-32
10405	48	-30
10406	48	-28
10407	48	-26
10408	48	-24
10409	48	-22
10410	48	-20
10411	48	-18
10412	48	-16
10413	48	-14
10414	48	-12
10415	48	-10
10416	48	-8
10417	48	-6
10418	48	-4
10419	48	-2
10420	48	0
10421	48	2
10422	48	4
10423	48	6
10424	48	8
10425	48	10
10426	48	12
10427	48	14
10428	48	16
10429	48	18
10430	48	20
10431	48	22
10432	48	24
10433	48	26
10434	48	28
10435	48	30
10436	48	32
10437	48	34
10438	48	36
10439	48	38
10440	48	40
10441	48	42
10442	48	44
10443	48	46
10444	48	48
10445	48	50
10446	48	52
10447	48	54
10448	48	56
10449	48	58
10450	48	60
10451	48	62
10452	48	64
10453	48	66
10454	48	68
10455	48	70
10456	48	72
10457	48	74
10458	48	76
10459	48	78
10460	48	80
10461	48	82
10462	48	84
10463	48	86
10464	48	88
10465	48	90
10466	50	-90
10467	50	-88
10468	50	-86
10469	50	-84
10470	50	-82
10471	50	-80
10472	50	-78
10473	50	-76
10474	50	-74
10475	50	-72
10476	50	-70
10477	50	-68
10478	50	-66
10479	50	-64
10480	50	-62
10481	50	-60
10482	50	-58
10483	50	-56
10484	50	-54
10485	50	-52
10486	50	-50
10487	50	-48
10488	50	-46
10489	50	-44
10490	50	-42
10491	50	-40
10492	50	-38
10493	50	-36
10494	50	-34
10495	50	-32
10496	50	-30
10497	50	-28
10498	50	-26
10499	50	-24
10500	50	-22
10501	50	-20
10502	50	-18
10503	50	-16
10504	50	-14
10505	50	-12
10506	50	-10
10507	50	-8
10508	50	-6
10509	50	-4
10510	50	-2
10511	50	0
10512	50	2
10513	50	4
10514	50	6
10515	50	8
10516	50	10
10517	50	12
10518	50	14
10519	50	16
10520	50	18
10521	50	20
10522	50	22
10523	50	24
10524	50	26
10525	50	28
10526	50	30
10527	50	32
10528	50	34
10529	50	36
10530	50	38
10531	50	40
10532	50	42
10533	50	44
10534	50	46
10535	50	48
10536	50	50
10537	50	52
10538	50	54
10539	50	56
10540	50	58
10541	50	60
10542	50	62
10543	50	64
10544	50	66
10545	50	68
10546	50	70
10547	50	72
10548	50	74
10549	50	76
10550	50	78
10551	50	80
10552	50	82
10553	50	84
10554	50	86
10555	50	88
10556	50	90
10557	52	-90
10558	52	-88
10559	52	-86
10560	52	-84
10561	52	-82
10562	52	-80
10563	52	-78
10564	52	-76
10565	52	-74
10566	52	-72
10567	52	-70
10568	52	-68
10569	52	-66
10570	52	-64
10571	52	-62
10572	52	-60
10573	52	-58
10574	52	-56
10575	52	-54
10576	52	-52
10577	52	-50
10578	52	-48
10579	52	-46
10580	52	-44
10581	52	-42
10582	52	-40
10583	52	-38
10584	52	-36
10585	52	-34
10586	52	-32
10587	52	-30
10588	52	-28
10589	52	-26
10590	52	-24
10591	52	-22
10592	52	-20
10593	52	-18
10594	52	-16
10595	52	-14
10596	52	-12
10597	52	-10
10598	52	-8
10599	52	-6
10600	52	-4
10601	52	-2
10602	52	0
10603	52	2
10604	52	4
10605	52	6
10606	52	8
10607	52	10
10608	52	12
10609	52	14
10610	52	16
10611	52	18
10612	52	20
10613	52	22
10614	52	24
10615	52	26
10616	52	28
10617	52	30
10618	52	32
10619	52	34
10620	52	36
10621	52	38
10622	52	40
10623	52	42
10624	52	44
10625	52	46
10626	52	48
10627	52	50
10628	52	52
10629	52	54
10630	52	56
10631	52	58
10632	52	60
10633	52	62
10634	52	64
10635	52	66
10636	52	68
10637	52	70
10638	52	72
10639	52	74
10640	52	76
10641	52	78
10642	52	80
10643	52	82
10644	52	84
10645	52	86
10646	52	88
10647	52	90
10648	54	-90
10649	54	-88
10650	54	-86
10651	54	-84
10652	54	-82
10653	54	-80
10654	54	-78
10655	54	-76
10656	54	-74
10657	54	-72
10658	54	-70
10659	54	-68
10660	54	-66
10661	54	-64
10662	54	-62
10663	54	-60
10664	54	-58
10665	54	-56
10666	54	-54
10667	54	-52
10668	54	-50
10669	54	-48
10670	54	-46
10671	54	-44
10672	54	-42
10673	54	-40
10674	54	-38
10675	54	-36
10676	54	-34
10677	54	-32
10678	54	-30
10679	54	-28
10680	54	-26
10681	54	-24
10682	54	-22
10683	54	-20
10684	54	-18
10685	54	-16
10686	54	-14
10687	54	-12
10688	54	-10
10689	54	-8
10690	54	-6
10691	54	-4
10692	54	-2
10693	54	0
10694	54	2
10695	54	4
10696	54	6
10697	54	8
10698	54	10
10699	54	12
10700	54	14
10701	54	16
10702	54	18
10703	54	20
10704	54	22
10705	54	24
10706	54	26
10707	54	28
10708	54	30
10709	54	32
10710	54	34
10711	54	36
10712	54	38
10713	54	40
10714	54	42
10715	54	44
10716	54	46
10717	54	48
10718	54	50
10719	54	52
10720	54	54
10721	54	56
10722	54	58
10723	54	60
10724	54	62
10725	54	64
10726	54	66
10727	54	68
10728	54	70
10729	54	72
10730	54	74
10731	54	76
10732	54	78
10733	54	80
10734	54	82
10735	54	84
10736	54	86
10737	54	88
10738	54	90
10739	56	-90
10740	56	-88
10741	56	-86
10742	56	-84
10743	56	-82
10744	56	-80
10745	56	-78
10746	56	-76
10747	56	-74
10748	56	-72
10749	56	-70
10750	56	-68
10751	56	-66
10752	56	-64
10753	56	-62
10754	56	-60
10755	56	-58
10756	56	-56
10757	56	-54
10758	56	-52
10759	56	-50
10760	56	-48
10761	56	-46
10762	56	-44
10763	56	-42
10764	56	-40
10765	56	-38
10766	56	-36
10767	56	-34
10768	56	-32
10769	56	-30
10770	56	-28
10771	56	-26
10772	56	-24
10773	56	-22
10774	56	-20
10775	56	-18
10776	56	-16
10777	56	-14
10778	56	-12
10779	56	-10
10780	56	-8
10781	56	-6
10782	56	-4
10783	56	-2
10784	56	0
10785	56	2
10786	56	4
10787	56	6
10788	56	8
10789	56	10
10790	56	12
10791	56	14
10792	56	16
10793	56	18
10794	56	20
10795	56	22
10796	56	24
10797	56	26
10798	56	28
10799	56	30
10800	56	32
10801	56	34
10802	56	36
10803	56	38
10804	56	40
10805	56	42
10806	56	44
10807	56	46
10808	56	48
10809	56	50
10810	56	52
10811	56	54
10812	56	56
10813	56	58
10814	56	60
10815	56	62
10816	56	64
10817	56	66
10818	56	68
10819	56	70
10820	56	72
10821	56	74
10822	56	76
10823	56	78
10824	56	80
10825	56	82
10826	56	84
10827	56	86
10828	56	88
10829	56	90
10830	58	-90
10831	58	-88
10832	58	-86
10833	58	-84
10834	58	-82
10835	58	-80
10836	58	-78
10837	58	-76
10838	58	-74
10839	58	-72
10840	58	-70
10841	58	-68
10842	58	-66
10843	58	-64
10844	58	-62
10845	58	-60
10846	58	-58
10847	58	-56
10848	58	-54
10849	58	-52
10850	58	-50
10851	58	-48
10852	58	-46
10853	58	-44
10854	58	-42
10855	58	-40
10856	58	-38
10857	58	-36
10858	58	-34
10859	58	-32
10860	58	-30
10861	58	-28
10862	58	-26
10863	58	-24
10864	58	-22
10865	58	-20
10866	58	-18
10867	58	-16
10868	58	-14
10869	58	-12
10870	58	-10
10871	58	-8
10872	58	-6
10873	58	-4
10874	58	-2
10875	58	0
10876	58	2
10877	58	4
10878	58	6
10879	58	8
10880	58	10
10881	58	12
10882	58	14
10883	58	16
10884	58	18
10885	58	20
10886	58	22
10887	58	24
10888	58	26
10889	58	28
10890	58	30
10891	58	32
10892	58	34
10893	58	36
10894	58	38
10895	58	40
10896	58	42
10897	58	44
10898	58	46
10899	58	48
10900	58	50
10901	58	52
10902	58	54
10903	58	56
10904	58	58
10905	58	60
10906	58	62
10907	58	64
10908	58	66
10909	58	68
10910	58	70
10911	58	72
10912	58	74
10913	58	76
10914	58	78
10915	58	80
10916	58	82
10917	58	84
10918	58	86
10919	58	88
10920	58	90
10921	60	-90
10922	60	-88
10923	60	-86
10924	60	-84
10925	60	-82
10926	60	-80
10927	60	-78
10928	60	-76
10929	60	-74
10930	60	-72
10931	60	-70
10932	60	-68
10933	60	-66
10934	60	-64
10935	60	-62
10936	60	-60
10937	60	-58
10938	60	-56
10939	60	-54
10940	60	-52
10941	60	-50
10942	60	-48
10943	60	-46
10944	60	-44
10945	60	-42
10946	60	-40
10947	60	-38
10948	60	-36
10949	60	-34
10950	60	-32
10951	60	-30
10952	60	-28
10953	60	-26
10954	60	-24
10955	60	-22
10956	60	-20
10957	60	-18
10958	60	-16
10959	60	-14
10960	60	-12
10961	60	-10
10962	60	-8
10963	60	-6
10964	60	-4
10965	60	-2
10966	60	0
10967	60	2
10968	60	4
10969	60	6
10970	60	8
10971	60	10
10972	60	12
10973	60	14
10974	60	16
10975	60	18
10976	60	20
10977	60	22
10978	60	24
10979	60	26
10980	60	28
10981	60	30
10982	60	32
10983	60	34
10984	60	36
10985	60	38
10986	60	40
10987	60	42
10988	60	44
10989	60	46
10990	60	48
10991	60	50
10992	60	52
10993	60	54
10994	60	56
10995	60	58
10996	60	60
10997	60	62
10998	60	64
10999	60	66
11000	60	68
11001	60	70
11002	60	72
11003	60	74
11004	60	76
11005	60	78
11006	60	80
11007	60	82
11008	60	84
11009	60	86
11010	60	88
11011	60	90
11012	62	-90
11013	62	-88
11014	62	-86
11015	62	-84
11016	62	-82
11017	62	-80
11018	62	-78
11019	62	-76
11020	62	-74
11021	62	-72
11022	62	-70
11023	62	-68
11024	62	-66
11025	62	-64
11026	62	-62
11027	62	-60
11028	62	-58
11029	62	-56
11030	62	-54
11031	62	-52
11032	62	-50
11033	62	-48
11034	62	-46
11035	62	-44
11036	62	-42
11037	62	-40
11038	62	-38
11039	62	-36
11040	62	-34
11041	62	-32
11042	62	-30
11043	62	-28
11044	62	-26
11045	62	-24
11046	62	-22
11047	62	-20
11048	62	-18
11049	62	-16
11050	62	-14
11051	62	-12
11052	62	-10
11053	62	-8
11054	62	-6
11055	62	-4
11056	62	-2
11057	62	0
11058	62	2
11059	62	4
11060	62	6
11061	62	8
11062	62	10
11063	62	12
11064	62	14
11065	62	16
11066	62	18
11067	62	20
11068	62	22
11069	62	24
11070	62	26
11071	62	28
11072	62	30
11073	62	32
11074	62	34
11075	62	36
11076	62	38
11077	62	40
11078	62	42
11079	62	44
11080	62	46
11081	62	48
11082	62	50
11083	62	52
11084	62	54
11085	62	56
11086	62	58
11087	62	60
11088	62	62
11089	62	64
11090	62	66
11091	62	68
11092	62	70
11093	62	72
11094	62	74
11095	62	76
11096	62	78
11097	62	80
11098	62	82
11099	62	84
11100	62	86
11101	62	88
11102	62	90
11103	64	-90
11104	64	-88
11105	64	-86
11106	64	-84
11107	64	-82
11108	64	-80
11109	64	-78
11110	64	-76
11111	64	-74
11112	64	-72
11113	64	-70
11114	64	-68
11115	64	-66
11116	64	-64
11117	64	-62
11118	64	-60
11119	64	-58
11120	64	-56
11121	64	-54
11122	64	-52
11123	64	-50
11124	64	-48
11125	64	-46
11126	64	-44
11127	64	-42
11128	64	-40
11129	64	-38
11130	64	-36
11131	64	-34
11132	64	-32
11133	64	-30
11134	64	-28
11135	64	-26
11136	64	-24
11137	64	-22
11138	64	-20
11139	64	-18
11140	64	-16
11141	64	-14
11142	64	-12
11143	64	-10
11144	64	-8
11145	64	-6
11146	64	-4
11147	64	-2
11148	64	0
11149	64	2
11150	64	4
11151	64	6
11152	64	8
11153	64	10
11154	64	12
11155	64	14
11156	64	16
11157	64	18
11158	64	20
11159	64	22
11160	64	24
11161	64	26
11162	64	28
11163	64	30
11164	64	32
11165	64	34
11166	64	36
11167	64	38
11168	64	40
11169	64	42
11170	64	44
11171	64	46
11172	64	48
11173	64	50
11174	64	52
11175	64	54
11176	64	56
11177	64	58
11178	64	60
11179	64	62
11180	64	64
11181	64	66
11182	64	68
11183	64	70
11184	64	72
11185	64	74
11186	64	76
11187	64	78
11188	64	80
11189	64	82
11190	64	84
11191	64	86
11192	64	88
11193	64	90
11194	66	-90
11195	66	-88
11196	66	-86
11197	66	-84
11198	66	-82
11199	66	-80
11200	66	-78
11201	66	-76
11202	66	-74
11203	66	-72
11204	66	-70
11205	66	-68
11206	66	-66
11207	66	-64
11208	66	-62
11209	66	-60
11210	66	-58
11211	66	-56
11212	66	-54
11213	66	-52
11214	66	-50
11215	66	-48
11216	66	-46
11217	66	-44
11218	66	-42
11219	66	-40
11220	66	-38
11221	66	-36
11222	66	-34
11223	66	-32
11224	66	-30
11225	66	-28
11226	66	-26
11227	66	-24
11228	66	-22
11229	66	-20
11230	66	-18
11231	66	-16
11232	66	-14
11233	66	-12
11234	66	-10
11235	66	-8
11236	66	-6
11237	66	-4
11238	66	-2
11239	66	0
11240	66	2
11241	66	4
11242	66	6
11243	66	8
11244	66	10
11245	66	12
11246	66	14
11247	66	16
11248	66	18
11249	66	20
11250	66	22
11251	66	24
11252	66	26
11253	66	28
11254	66	30
11255	66	32
11256	66	34
11257	66	36
11258	66	38
11259	66	40
11260	66	42
11261	66	44
11262	66	46
11263	66	48
11264	66	50
11265	66	52
11266	66	54
11267	66	56
11268	66	58
11269	66	60
11270	66	62
11271	66	64
11272	66	66
11273	66	68
11274	66	70
11275	66	72
11276	66	74
11277	66	76
11278	66	78
11279	66	80
11280	66	82
11281	66	84
11282	66	86
11283	66	88
11284	66	90
11285	68	-90
11286	68	-88
11287	68	-86
11288	68	-84
11289	68	-82
11290	68	-80
11291	68	-78
11292	68	-76
11293	68	-74
11294	68	-72
11295	68	-70
11296	68	-68
11297	68	-66
11298	68	-64
11299	68	-62
11300	68	-60
11301	68	-58
11302	68	-56
11303	68	-54
11304	68	-52
11305	68	-50
11306	68	-48
11307	68	-46
11308	68	-44
11309	68	-42
11310	68	-40
11311	68	-38
11312	68	-36
11313	68	-34
11314	68	-32
11315	68	-30
11316	68	-28
11317	68	-26
11318	68	-24
11319	68	-22
11320	68	-20
11321	68	-18
11322	68	-16
11323	68	-14
11324	68	-12
11325	68	-10
11326	68	-8
11327	68	-6
11328	68	-4
11329	68	-2
11330	68	0
11331	68	2
11332	68	4
11333	68	6
11334	68	8
11335	68	10
11336	68	12
11337	68	14
11338	68	16
11339	68	18
11340	68	20
11341	68	22
11342	68	24
11343	68	26
11344	68	28
11345	68	30
11346	68	32
11347	68	34
11348	68	36
11349	68	38
11350	68	40
11351	68	42
11352	68	44
11353	68	46
11354	68	48
11355	68	50
11356	68	52
11357	68	54
11358	68	56
11359	68	58
11360	68	60
11361	68	62
11362	68	64
11363	68	66
11364	68	68
11365	68	70
11366	68	72
11367	68	74
11368	68	76
11369	68	78
11370	68	80
11371	68	82
11372	68	84
11373	68	86
11374	68	88
11375	68	90
11376	70	-90
11377	70	-88
11378	70	-86
11379	70	-84
11380	70	-82
11381	70	-80
11382	70	-78
11383	70	-76
11384	70	-74
11385	70	-72
11386	70	-70
11387	70	-68
11388	70	-66
11389	70	-64
11390	70	-62
11391	70	-60
11392	70	-58
11393	70	-56
11394	70	-54
11395	70	-52
11396	70	-50
11397	70	-48
11398	70	-46
11399	70	-44
11400	70	-42
11401	70	-40
11402	70	-38
11403	70	-36
11404	70	-34
11405	70	-32
11406	70	-30
11407	70	-28
11408	70	-26
11409	70	-24
11410	70	-22
11411	70	-20
11412	70	-18
11413	70	-16
11414	70	-14
11415	70	-12
11416	70	-10
11417	70	-8
11418	70	-6
11419	70	-4
11420	70	-2
11421	70	0
11422	70	2
11423	70	4
11424	70	6
11425	70	8
11426	70	10
11427	70	12
11428	70	14
11429	70	16
11430	70	18
11431	70	20
11432	70	22
11433	70	24
11434	70	26
11435	70	28
11436	70	30
11437	70	32
11438	70	34
11439	70	36
11440	70	38
11441	70	40
11442	70	42
11443	70	44
11444	70	46
11445	70	48
11446	70	50
11447	70	52
11448	70	54
11449	70	56
11450	70	58
11451	70	60
11452	70	62
11453	70	64
11454	70	66
11455	70	68
11456	70	70
11457	70	72
11458	70	74
11459	70	76
11460	70	78
11461	70	80
11462	70	82
11463	70	84
11464	70	86
11465	70	88
11466	70	90
11467	72	-90
11468	72	-88
11469	72	-86
11470	72	-84
11471	72	-82
11472	72	-80
11473	72	-78
11474	72	-76
11475	72	-74
11476	72	-72
11477	72	-70
11478	72	-68
11479	72	-66
11480	72	-64
11481	72	-62
11482	72	-60
11483	72	-58
11484	72	-56
11485	72	-54
11486	72	-52
11487	72	-50
11488	72	-48
11489	72	-46
11490	72	-44
11491	72	-42
11492	72	-40
11493	72	-38
11494	72	-36
11495	72	-34
11496	72	-32
11497	72	-30
11498	72	-28
11499	72	-26
11500	72	-24
11501	72	-22
11502	72	-20
11503	72	-18
11504	72	-16
11505	72	-14
11506	72	-12
11507	72	-10
11508	72	-8
11509	72	-6
11510	72	-4
11511	72	-2
11512	72	0
11513	72	2
11514	72	4
11515	72	6
11516	72	8
11517	72	10
11518	72	12
11519	72	14
11520	72	16
11521	72	18
11522	72	20
11523	72	22
11524	72	24
11525	72	26
11526	72	28
11527	72	30
11528	72	32
11529	72	34
11530	72	36
11531	72	38
11532	72	40
11533	72	42
11534	72	44
11535	72	46
11536	72	48
11537	72	50
11538	72	52
11539	72	54
11540	72	56
11541	72	58
11542	72	60
11543	72	62
11544	72	64
11545	72	66
11546	72	68
11547	72	70
11548	72	72
11549	72	74
11550	72	76
11551	72	78
11552	72	80
11553	72	82
11554	72	84
11555	72	86
11556	72	88
11557	72	90
11558	74	-90
11559	74	-88
11560	74	-86
11561	74	-84
11562	74	-82
11563	74	-80
11564	74	-78
11565	74	-76
11566	74	-74
11567	74	-72
11568	74	-70
11569	74	-68
11570	74	-66
11571	74	-64
11572	74	-62
11573	74	-60
11574	74	-58
11575	74	-56
11576	74	-54
11577	74	-52
11578	74	-50
11579	74	-48
11580	74	-46
11581	74	-44
11582	74	-42
11583	74	-40
11584	74	-38
11585	74	-36
11586	74	-34
11587	74	-32
11588	74	-30
11589	74	-28
11590	74	-26
11591	74	-24
11592	74	-22
11593	74	-20
11594	74	-18
11595	74	-16
11596	74	-14
11597	74	-12
11598	74	-10
11599	74	-8
11600	74	-6
11601	74	-4
11602	74	-2
11603	74	0
11604	74	2
11605	74	4
11606	74	6
11607	74	8
11608	74	10
11609	74	12
11610	74	14
11611	74	16
11612	74	18
11613	74	20
11614	74	22
11615	74	24
11616	74	26
11617	74	28
11618	74	30
11619	74	32
11620	74	34
11621	74	36
11622	74	38
11623	74	40
11624	74	42
11625	74	44
11626	74	46
11627	74	48
11628	74	50
11629	74	52
11630	74	54
11631	74	56
11632	74	58
11633	74	60
11634	74	62
11635	74	64
11636	74	66
11637	74	68
11638	74	70
11639	74	72
11640	74	74
11641	74	76
11642	74	78
11643	74	80
11644	74	82
11645	74	84
11646	74	86
11647	74	88
11648	74	90
11649	76	-90
11650	76	-88
11651	76	-86
11652	76	-84
11653	76	-82
11654	76	-80
11655	76	-78
11656	76	-76
11657	76	-74
11658	76	-72
11659	76	-70
11660	76	-68
11661	76	-66
11662	76	-64
11663	76	-62
11664	76	-60
11665	76	-58
11666	76	-56
11667	76	-54
11668	76	-52
11669	76	-50
11670	76	-48
11671	76	-46
11672	76	-44
11673	76	-42
11674	76	-40
11675	76	-38
11676	76	-36
11677	76	-34
11678	76	-32
11679	76	-30
11680	76	-28
11681	76	-26
11682	76	-24
11683	76	-22
11684	76	-20
11685	76	-18
11686	76	-16
11687	76	-14
11688	76	-12
11689	76	-10
11690	76	-8
11691	76	-6
11692	76	-4
11693	76	-2
11694	76	0
11695	76	2
11696	76	4
11697	76	6
11698	76	8
11699	76	10
11700	76	12
11701	76	14
11702	76	16
11703	76	18
11704	76	20
11705	76	22
11706	76	24
11707	76	26
11708	76	28
11709	76	30
11710	76	32
11711	76	34
11712	76	36
11713	76	38
11714	76	40
11715	76	42
11716	76	44
11717	76	46
11718	76	48
11719	76	50
11720	76	52
11721	76	54
11722	76	56
11723	76	58
11724	76	60
11725	76	62
11726	76	64
11727	76	66
11728	76	68
11729	76	70
11730	76	72
11731	76	74
11732	76	76
11733	76	78
11734	76	80
11735	76	82
11736	76	84
11737	76	86
11738	76	88
11739	76	90
11740	78	-90
11741	78	-88
11742	78	-86
11743	78	-84
11744	78	-82
11745	78	-80
11746	78	-78
11747	78	-76
11748	78	-74
11749	78	-72
11750	78	-70
11751	78	-68
11752	78	-66
11753	78	-64
11754	78	-62
11755	78	-60
11756	78	-58
11757	78	-56
11758	78	-54
11759	78	-52
11760	78	-50
11761	78	-48
11762	78	-46
11763	78	-44
11764	78	-42
11765	78	-40
11766	78	-38
11767	78	-36
11768	78	-34
11769	78	-32
11770	78	-30
11771	78	-28
11772	78	-26
11773	78	-24
11774	78	-22
11775	78	-20
11776	78	-18
11777	78	-16
11778	78	-14
11779	78	-12
11780	78	-10
11781	78	-8
11782	78	-6
11783	78	-4
11784	78	-2
11785	78	0
11786	78	2
11787	78	4
11788	78	6
11789	78	8
11790	78	10
11791	78	12
11792	78	14
11793	78	16
11794	78	18
11795	78	20
11796	78	22
11797	78	24
11798	78	26
11799	78	28
11800	78	30
11801	78	32
11802	78	34
11803	78	36
11804	78	38
11805	78	40
11806	78	42
11807	78	44
11808	78	46
11809	78	48
11810	78	50
11811	78	52
11812	78	54
11813	78	56
11814	78	58
11815	78	60
11816	78	62
11817	78	64
11818	78	66
11819	78	68
11820	78	70
11821	78	72
11822	78	74
11823	78	76
11824	78	78
11825	78	80
11826	78	82
11827	78	84
11828	78	86
11829	78	88
11830	78	90
11831	80	-90
11832	80	-88
11833	80	-86
11834	80	-84
11835	80	-82
11836	80	-80
11837	80	-78
11838	80	-76
11839	80	-74
11840	80	-72
11841	80	-70
11842	80	-68
11843	80	-66
11844	80	-64
11845	80	-62
11846	80	-60
11847	80	-58
11848	80	-56
11849	80	-54
11850	80	-52
11851	80	-50
11852	80	-48
11853	80	-46
11854	80	-44
11855	80	-42
11856	80	-40
11857	80	-38
11858	80	-36
11859	80	-34
11860	80	-32
11861	80	-30
11862	80	-28
11863	80	-26
11864	80	-24
11865	80	-22
11866	80	-20
11867	80	-18
11868	80	-16
11869	80	-14
11870	80	-12
11871	80	-10
11872	80	-8
11873	80	-6
11874	80	-4
11875	80	-2
11876	80	0
11877	80	2
11878	80	4
11879	80	6
11880	80	8
11881	80	10
11882	80	12
11883	80	14
11884	80	16
11885	80	18
11886	80	20
11887	80	22
11888	80	24
11889	80	26
11890	80	28
11891	80	30
11892	80	32
11893	80	34
11894	80	36
11895	80	38
11896	80	40
11897	80	42
11898	80	44
11899	80	46
11900	80	48
11901	80	50
11902	80	52
11903	80	54
11904	80	56
11905	80	58
11906	80	60
11907	80	62
11908	80	64
11909	80	66
11910	80	68
11911	80	70
11912	80	72
11913	80	74
11914	80	76
11915	80	78
11916	80	80
11917	80	82
11918	80	84
11919	80	86
11920	80	88
11921	80	90
11922	82	-90
11923	82	-88
11924	82	-86
11925	82	-84
11926	82	-82
11927	82	-80
11928	82	-78
11929	82	-76
11930	82	-74
11931	82	-72
11932	82	-70
11933	82	-68
11934	82	-66
11935	82	-64
11936	82	-62
11937	82	-60
11938	82	-58
11939	82	-56
11940	82	-54
11941	82	-52
11942	82	-50
11943	82	-48
11944	82	-46
11945	82	-44
11946	82	-42
11947	82	-40
11948	82	-38
11949	82	-36
11950	82	-34
11951	82	-32
11952	82	-30
11953	82	-28
11954	82	-26
11955	82	-24
11956	82	-22
11957	82	-20
11958	82	-18
11959	82	-16
11960	82	-14
11961	82	-12
11962	82	-10
11963	82	-8
11964	82	-6
11965	82	-4
11966	82	-2
11967	82	0
11968	82	2
11969	82	4
11970	82	6
11971	82	8
11972	82	10
11973	82	12
11974	82	14
11975	82	16
11976	82	18
11977	82	20
11978	82	22
11979	82	24
11980	82	26
11981	82	28
11982	82	30
11983	82	32
11984	82	34
11985	82	36
11986	82	38
11987	82	40
11988	82	42
11989	82	44
11990	82	46
11991	82	48
11992	82	50
11993	82	52
11994	82	54
11995	82	56
11996	82	58
11997	82	60
11998	82	62
11999	82	64
12000	82	66
12001	82	68
12002	82	70
12003	82	72
12004	82	74
12005	82	76
12006	82	78
12007	82	80
12008	82	82
12009	82	84
12010	82	86
12011	82	88
12012	82	90
12013	84	-90
12014	84	-88
12015	84	-86
12016	84	-84
12017	84	-82
12018	84	-80
12019	84	-78
12020	84	-76
12021	84	-74
12022	84	-72
12023	84	-70
12024	84	-68
12025	84	-66
12026	84	-64
12027	84	-62
12028	84	-60
12029	84	-58
12030	84	-56
12031	84	-54
12032	84	-52
12033	84	-50
12034	84	-48
12035	84	-46
12036	84	-44
12037	84	-42
12038	84	-40
12039	84	-38
12040	84	-36
12041	84	-34
12042	84	-32
12043	84	-30
12044	84	-28
12045	84	-26
12046	84	-24
12047	84	-22
12048	84	-20
12049	84	-18
12050	84	-16
12051	84	-14
12052	84	-12
12053	84	-10
12054	84	-8
12055	84	-6
12056	84	-4
12057	84	-2
12058	84	0
12059	84	2
12060	84	4
12061	84	6
12062	84	8
12063	84	10
12064	84	12
12065	84	14
12066	84	16
12067	84	18
12068	84	20
12069	84	22
12070	84	24
12071	84	26
12072	84	28
12073	84	30
12074	84	32
12075	84	34
12076	84	36
12077	84	38
12078	84	40
12079	84	42
12080	84	44
12081	84	46
12082	84	48
12083	84	50
12084	84	52
12085	84	54
12086	84	56
12087	84	58
12088	84	60
12089	84	62
12090	84	64
12091	84	66
12092	84	68
12093	84	70
12094	84	72
12095	84	74
12096	84	76
12097	84	78
12098	84	80
12099	84	82
12100	84	84
12101	84	86
12102	84	88
12103	84	90
12104	86	-90
12105	86	-88
12106	86	-86
12107	86	-84
12108	86	-82
12109	86	-80
12110	86	-78
12111	86	-76
12112	86	-74
12113	86	-72
12114	86	-70
12115	86	-68
12116	86	-66
12117	86	-64
12118	86	-62
12119	86	-60
12120	86	-58
12121	86	-56
12122	86	-54
12123	86	-52
12124	86	-50
12125	86	-48
12126	86	-46
12127	86	-44
12128	86	-42
12129	86	-40
12130	86	-38
12131	86	-36
12132	86	-34
12133	86	-32
12134	86	-30
12135	86	-28
12136	86	-26
12137	86	-24
12138	86	-22
12139	86	-20
12140	86	-18
12141	86	-16
12142	86	-14
12143	86	-12
12144	86	-10
12145	86	-8
12146	86	-6
12147	86	-4
12148	86	-2
12149	86	0
12150	86	2
12151	86	4
12152	86	6
12153	86	8
12154	86	10
12155	86	12
12156	86	14
12157	86	16
12158	86	18
12159	86	20
12160	86	22
12161	86	24
12162	86	26
12163	86	28
12164	86	30
12165	86	32
12166	86	34
12167	86	36
12168	86	38
12169	86	40
12170	86	42
12171	86	44
12172	86	46
12173	86	48
12174	86	50
12175	86	52
12176	86	54
12177	86	56
12178	86	58
12179	86	60
12180	86	62
12181	86	64
12182	86	66
12183	86	68
12184	86	70
12185	86	72
12186	86	74
12187	86	76
12188	86	78
12189	86	80
12190	86	82
12191	86	84
12192	86	86
12193	86	88
12194	86	90
12195	88	-90
12196	88	-88
12197	88	-86
12198	88	-84
12199	88	-82
12200	88	-80
12201	88	-78
12202	88	-76
12203	88	-74
12204	88	-72
12205	88	-70
12206	88	-68
12207	88	-66
12208	88	-64
12209	88	-62
12210	88	-60
12211	88	-58
12212	88	-56
12213	88	-54
12214	88	-52
12215	88	-50
12216	88	-48
12217	88	-46
12218	88	-44
12219	88	-42
12220	88	-40
12221	88	-38
12222	88	-36
12223	88	-34
12224	88	-32
12225	88	-30
12226	88	-28
12227	88	-26
12228	88	-24
12229	88	-22
12230	88	-20
12231	88	-18
12232	88	-16
12233	88	-14
12234	88	-12
12235	88	-10
12236	88	-8
12237	88	-6
12238	88	-4
12239	88	-2
12240	88	0
12241	88	2
12242	88	4
12243	88	6
12244	88	8
12245	88	10
12246	88	12
12247	88	14
12248	88	16
12249	88	18
12250	88	20
12251	88	22
12252	88	24
12253	88	26
12254	88	28
12255	88	30
12256	88	32
12257	88	34
12258	88	36
12259	88	38
12260	88	40
12261	88	42
12262	88	44
12263	88	46
12264	88	48
12265	88	50
12266	88	52
12267	88	54
12268	88	56
12269	88	58
12270	88	60
12271	88	62
12272	88	64
12273	88	66
12274	88	68
12275	88	70
12276	88	72
12277	88	74
12278	88	76
12279	88	78
12280	88	80
12281	88	82
12282	88	84
12283	88	86
12284	88	88
12285	88	90
12286	90	-90
12287	90	-88
12288	90	-86
12289	90	-84
12290	90	-82
12291	90	-80
12292	90	-78
12293	90	-76
12294	90	-74
12295	90	-72
12296	90	-70
12297	90	-68
12298	90	-66
12299	90	-64
12300	90	-62
12301	90	-60
12302	90	-58
12303	90	-56
12304	90	-54
12305	90	-52
12306	90	-50
12307	90	-48
12308	90	-46
12309	90	-44
12310	90	-42
12311	90	-40
12312	90	-38
12313	90	-36
12314	90	-34
12315	90	-32
12316	90	-30
12317	90	-28
12318	90	-26
12319	90	-24
12320	90	-22
12321	90	-20
12322	90	-18
12323	90	-16
12324	90	-14
12325	90	-12
12326	90	-10
12327	90	-8
12328	90	-6
12329	90	-4
12330	90	-2
12331	90	0
12332	90	2
12333	90	4
12334	90	6
12335	90	8
12336	90	10
12337	90	12
12338	90	14
12339	90	16
12340	90	18
12341	90	20
12342	90	22
12343	90	24
12344	90	26
12345	90	28
12346	90	30
12347	90	32
12348	90	34
12349	90	36
12350	90	38
12351	90	40
12352	90	42
12353	90	44
12354	90	46
12355	90	48
12356	90	50
12357	90	52
12358	90	54
12359	90	56
12360	90	58
12361	90	60
12362	90	62
12363	90	64
12364	90	66
12365	90	68
12366	90	70
12367	90	72
12368	90	74
12369	90	76
12370	90	78
12371	90	80
12372	90	82
12373	90	84
12374	90	86
12375	90	88
12376	90	90
12377	92	-90
12378	92	-88
12379	92	-86
12380	92	-84
12381	92	-82
12382	92	-80
12383	92	-78
12384	92	-76
12385	92	-74
12386	92	-72
12387	92	-70
12388	92	-68
12389	92	-66
12390	92	-64
12391	92	-62
12392	92	-60
12393	92	-58
12394	92	-56
12395	92	-54
12396	92	-52
12397	92	-50
12398	92	-48
12399	92	-46
12400	92	-44
12401	92	-42
12402	92	-40
12403	92	-38
12404	92	-36
12405	92	-34
12406	92	-32
12407	92	-30
12408	92	-28
12409	92	-26
12410	92	-24
12411	92	-22
12412	92	-20
12413	92	-18
12414	92	-16
12415	92	-14
12416	92	-12
12417	92	-10
12418	92	-8
12419	92	-6
12420	92	-4
12421	92	-2
12422	92	0
12423	92	2
12424	92	4
12425	92	6
12426	92	8
12427	92	10
12428	92	12
12429	92	14
12430	92	16
12431	92	18
12432	92	20
12433	92	22
12434	92	24
12435	92	26
12436	92	28
12437	92	30
12438	92	32
12439	92	34
12440	92	36
12441	92	38
12442	92	40
12443	92	42
12444	92	44
12445	92	46
12446	92	48
12447	92	50
12448	92	52
12449	92	54
12450	92	56
12451	92	58
12452	92	60
12453	92	62
12454	92	64
12455	92	66
12456	92	68
12457	92	70
12458	92	72
12459	92	74
12460	92	76
12461	92	78
12462	92	80
12463	92	82
12464	92	84
12465	92	86
12466	92	88
12467	92	90
12468	94	-90
12469	94	-88
12470	94	-86
12471	94	-84
12472	94	-82
12473	94	-80
12474	94	-78
12475	94	-76
12476	94	-74
12477	94	-72
12478	94	-70
12479	94	-68
12480	94	-66
12481	94	-64
12482	94	-62
12483	94	-60
12484	94	-58
12485	94	-56
12486	94	-54
12487	94	-52
12488	94	-50
12489	94	-48
12490	94	-46
12491	94	-44
12492	94	-42
12493	94	-40
12494	94	-38
12495	94	-36
12496	94	-34
12497	94	-32
12498	94	-30
12499	94	-28
12500	94	-26
12501	94	-24
12502	94	-22
12503	94	-20
12504	94	-18
12505	94	-16
12506	94	-14
12507	94	-12
12508	94	-10
12509	94	-8
12510	94	-6
12511	94	-4
12512	94	-2
12513	94	0
12514	94	2
12515	94	4
12516	94	6
12517	94	8
12518	94	10
12519	94	12
12520	94	14
12521	94	16
12522	94	18
12523	94	20
12524	94	22
12525	94	24
12526	94	26
12527	94	28
12528	94	30
12529	94	32
12530	94	34
12531	94	36
12532	94	38
12533	94	40
12534	94	42
12535	94	44
12536	94	46
12537	94	48
12538	94	50
12539	94	52
12540	94	54
12541	94	56
12542	94	58
12543	94	60
12544	94	62
12545	94	64
12546	94	66
12547	94	68
12548	94	70
12549	94	72
12550	94	74
12551	94	76
12552	94	78
12553	94	80
12554	94	82
12555	94	84
12556	94	86
12557	94	88
12558	94	90
12559	96	-90
12560	96	-88
12561	96	-86
12562	96	-84
12563	96	-82
12564	96	-80
12565	96	-78
12566	96	-76
12567	96	-74
12568	96	-72
12569	96	-70
12570	96	-68
12571	96	-66
12572	96	-64
12573	96	-62
12574	96	-60
12575	96	-58
12576	96	-56
12577	96	-54
12578	96	-52
12579	96	-50
12580	96	-48
12581	96	-46
12582	96	-44
12583	96	-42
12584	96	-40
12585	96	-38
12586	96	-36
12587	96	-34
12588	96	-32
12589	96	-30
12590	96	-28
12591	96	-26
12592	96	-24
12593	96	-22
12594	96	-20
12595	96	-18
12596	96	-16
12597	96	-14
12598	96	-12
12599	96	-10
12600	96	-8
12601	96	-6
12602	96	-4
12603	96	-2
12604	96	0
12605	96	2
12606	96	4
12607	96	6
12608	96	8
12609	96	10
12610	96	12
12611	96	14
12612	96	16
12613	96	18
12614	96	20
12615	96	22
12616	96	24
12617	96	26
12618	96	28
12619	96	30
12620	96	32
12621	96	34
12622	96	36
12623	96	38
12624	96	40
12625	96	42
12626	96	44
12627	96	46
12628	96	48
12629	96	50
12630	96	52
12631	96	54
12632	96	56
12633	96	58
12634	96	60
12635	96	62
12636	96	64
12637	96	66
12638	96	68
12639	96	70
12640	96	72
12641	96	74
12642	96	76
12643	96	78
12644	96	80
12645	96	82
12646	96	84
12647	96	86
12648	96	88
12649	96	90
12650	98	-90
12651	98	-88
12652	98	-86
12653	98	-84
12654	98	-82
12655	98	-80
12656	98	-78
12657	98	-76
12658	98	-74
12659	98	-72
12660	98	-70
12661	98	-68
12662	98	-66
12663	98	-64
12664	98	-62
12665	98	-60
12666	98	-58
12667	98	-56
12668	98	-54
12669	98	-52
12670	98	-50
12671	98	-48
12672	98	-46
12673	98	-44
12674	98	-42
12675	98	-40
12676	98	-38
12677	98	-36
12678	98	-34
12679	98	-32
12680	98	-30
12681	98	-28
12682	98	-26
12683	98	-24
12684	98	-22
12685	98	-20
12686	98	-18
12687	98	-16
12688	98	-14
12689	98	-12
12690	98	-10
12691	98	-8
12692	98	-6
12693	98	-4
12694	98	-2
12695	98	0
12696	98	2
12697	98	4
12698	98	6
12699	98	8
12700	98	10
12701	98	12
12702	98	14
12703	98	16
12704	98	18
12705	98	20
12706	98	22
12707	98	24
12708	98	26
12709	98	28
12710	98	30
12711	98	32
12712	98	34
12713	98	36
12714	98	38
12715	98	40
12716	98	42
12717	98	44
12718	98	46
12719	98	48
12720	98	50
12721	98	52
12722	98	54
12723	98	56
12724	98	58
12725	98	60
12726	98	62
12727	98	64
12728	98	66
12729	98	68
12730	98	70
12731	98	72
12732	98	74
12733	98	76
12734	98	78
12735	98	80
12736	98	82
12737	98	84
12738	98	86
12739	98	88
12740	98	90
12741	100	-90
12742	100	-88
12743	100	-86
12744	100	-84
12745	100	-82
12746	100	-80
12747	100	-78
12748	100	-76
12749	100	-74
12750	100	-72
12751	100	-70
12752	100	-68
12753	100	-66
12754	100	-64
12755	100	-62
12756	100	-60
12757	100	-58
12758	100	-56
12759	100	-54
12760	100	-52
12761	100	-50
12762	100	-48
12763	100	-46
12764	100	-44
12765	100	-42
12766	100	-40
12767	100	-38
12768	100	-36
12769	100	-34
12770	100	-32
12771	100	-30
12772	100	-28
12773	100	-26
12774	100	-24
12775	100	-22
12776	100	-20
12777	100	-18
12778	100	-16
12779	100	-14
12780	100	-12
12781	100	-10
12782	100	-8
12783	100	-6
12784	100	-4
12785	100	-2
12786	100	0
12787	100	2
12788	100	4
12789	100	6
12790	100	8
12791	100	10
12792	100	12
12793	100	14
12794	100	16
12795	100	18
12796	100	20
12797	100	22
12798	100	24
12799	100	26
12800	100	28
12801	100	30
12802	100	32
12803	100	34
12804	100	36
12805	100	38
12806	100	40
12807	100	42
12808	100	44
12809	100	46
12810	100	48
12811	100	50
12812	100	52
12813	100	54
12814	100	56
12815	100	58
12816	100	60
12817	100	62
12818	100	64
12819	100	66
12820	100	68
12821	100	70
12822	100	72
12823	100	74
12824	100	76
12825	100	78
12826	100	80
12827	100	82
12828	100	84
12829	100	86
12830	100	88
12831	100	90
12832	102	-90
12833	102	-88
12834	102	-86
12835	102	-84
12836	102	-82
12837	102	-80
12838	102	-78
12839	102	-76
12840	102	-74
12841	102	-72
12842	102	-70
12843	102	-68
12844	102	-66
12845	102	-64
12846	102	-62
12847	102	-60
12848	102	-58
12849	102	-56
12850	102	-54
12851	102	-52
12852	102	-50
12853	102	-48
12854	102	-46
12855	102	-44
12856	102	-42
12857	102	-40
12858	102	-38
12859	102	-36
12860	102	-34
12861	102	-32
12862	102	-30
12863	102	-28
12864	102	-26
12865	102	-24
12866	102	-22
12867	102	-20
12868	102	-18
12869	102	-16
12870	102	-14
12871	102	-12
12872	102	-10
12873	102	-8
12874	102	-6
12875	102	-4
12876	102	-2
12877	102	0
12878	102	2
12879	102	4
12880	102	6
12881	102	8
12882	102	10
12883	102	12
12884	102	14
12885	102	16
12886	102	18
12887	102	20
12888	102	22
12889	102	24
12890	102	26
12891	102	28
12892	102	30
12893	102	32
12894	102	34
12895	102	36
12896	102	38
12897	102	40
12898	102	42
12899	102	44
12900	102	46
12901	102	48
12902	102	50
12903	102	52
12904	102	54
12905	102	56
12906	102	58
12907	102	60
12908	102	62
12909	102	64
12910	102	66
12911	102	68
12912	102	70
12913	102	72
12914	102	74
12915	102	76
12916	102	78
12917	102	80
12918	102	82
12919	102	84
12920	102	86
12921	102	88
12922	102	90
12923	104	-90
12924	104	-88
12925	104	-86
12926	104	-84
12927	104	-82
12928	104	-80
12929	104	-78
12930	104	-76
12931	104	-74
12932	104	-72
12933	104	-70
12934	104	-68
12935	104	-66
12936	104	-64
12937	104	-62
12938	104	-60
12939	104	-58
12940	104	-56
12941	104	-54
12942	104	-52
12943	104	-50
12944	104	-48
12945	104	-46
12946	104	-44
12947	104	-42
12948	104	-40
12949	104	-38
12950	104	-36
12951	104	-34
12952	104	-32
12953	104	-30
12954	104	-28
12955	104	-26
12956	104	-24
12957	104	-22
12958	104	-20
12959	104	-18
12960	104	-16
12961	104	-14
12962	104	-12
12963	104	-10
12964	104	-8
12965	104	-6
12966	104	-4
12967	104	-2
12968	104	0
12969	104	2
12970	104	4
12971	104	6
12972	104	8
12973	104	10
12974	104	12
12975	104	14
12976	104	16
12977	104	18
12978	104	20
12979	104	22
12980	104	24
12981	104	26
12982	104	28
12983	104	30
12984	104	32
12985	104	34
12986	104	36
12987	104	38
12988	104	40
12989	104	42
12990	104	44
12991	104	46
12992	104	48
12993	104	50
12994	104	52
12995	104	54
12996	104	56
12997	104	58
12998	104	60
12999	104	62
13000	104	64
13001	104	66
13002	104	68
13003	104	70
13004	104	72
13005	104	74
13006	104	76
13007	104	78
13008	104	80
13009	104	82
13010	104	84
13011	104	86
13012	104	88
13013	104	90
13014	106	-90
13015	106	-88
13016	106	-86
13017	106	-84
13018	106	-82
13019	106	-80
13020	106	-78
13021	106	-76
13022	106	-74
13023	106	-72
13024	106	-70
13025	106	-68
13026	106	-66
13027	106	-64
13028	106	-62
13029	106	-60
13030	106	-58
13031	106	-56
13032	106	-54
13033	106	-52
13034	106	-50
13035	106	-48
13036	106	-46
13037	106	-44
13038	106	-42
13039	106	-40
13040	106	-38
13041	106	-36
13042	106	-34
13043	106	-32
13044	106	-30
13045	106	-28
13046	106	-26
13047	106	-24
13048	106	-22
13049	106	-20
13050	106	-18
13051	106	-16
13052	106	-14
13053	106	-12
13054	106	-10
13055	106	-8
13056	106	-6
13057	106	-4
13058	106	-2
13059	106	0
13060	106	2
13061	106	4
13062	106	6
13063	106	8
13064	106	10
13065	106	12
13066	106	14
13067	106	16
13068	106	18
13069	106	20
13070	106	22
13071	106	24
13072	106	26
13073	106	28
13074	106	30
13075	106	32
13076	106	34
13077	106	36
13078	106	38
13079	106	40
13080	106	42
13081	106	44
13082	106	46
13083	106	48
13084	106	50
13085	106	52
13086	106	54
13087	106	56
13088	106	58
13089	106	60
13090	106	62
13091	106	64
13092	106	66
13093	106	68
13094	106	70
13095	106	72
13096	106	74
13097	106	76
13098	106	78
13099	106	80
13100	106	82
13101	106	84
13102	106	86
13103	106	88
13104	106	90
13105	108	-90
13106	108	-88
13107	108	-86
13108	108	-84
13109	108	-82
13110	108	-80
13111	108	-78
13112	108	-76
13113	108	-74
13114	108	-72
13115	108	-70
13116	108	-68
13117	108	-66
13118	108	-64
13119	108	-62
13120	108	-60
13121	108	-58
13122	108	-56
13123	108	-54
13124	108	-52
13125	108	-50
13126	108	-48
13127	108	-46
13128	108	-44
13129	108	-42
13130	108	-40
13131	108	-38
13132	108	-36
13133	108	-34
13134	108	-32
13135	108	-30
13136	108	-28
13137	108	-26
13138	108	-24
13139	108	-22
13140	108	-20
13141	108	-18
13142	108	-16
13143	108	-14
13144	108	-12
13145	108	-10
13146	108	-8
13147	108	-6
13148	108	-4
13149	108	-2
13150	108	0
13151	108	2
13152	108	4
13153	108	6
13154	108	8
13155	108	10
13156	108	12
13157	108	14
13158	108	16
13159	108	18
13160	108	20
13161	108	22
13162	108	24
13163	108	26
13164	108	28
13165	108	30
13166	108	32
13167	108	34
13168	108	36
13169	108	38
13170	108	40
13171	108	42
13172	108	44
13173	108	46
13174	108	48
13175	108	50
13176	108	52
13177	108	54
13178	108	56
13179	108	58
13180	108	60
13181	108	62
13182	108	64
13183	108	66
13184	108	68
13185	108	70
13186	108	72
13187	108	74
13188	108	76
13189	108	78
13190	108	80
13191	108	82
13192	108	84
13193	108	86
13194	108	88
13195	108	90
13196	110	-90
13197	110	-88
13198	110	-86
13199	110	-84
13200	110	-82
13201	110	-80
13202	110	-78
13203	110	-76
13204	110	-74
13205	110	-72
13206	110	-70
13207	110	-68
13208	110	-66
13209	110	-64
13210	110	-62
13211	110	-60
13212	110	-58
13213	110	-56
13214	110	-54
13215	110	-52
13216	110	-50
13217	110	-48
13218	110	-46
13219	110	-44
13220	110	-42
13221	110	-40
13222	110	-38
13223	110	-36
13224	110	-34
13225	110	-32
13226	110	-30
13227	110	-28
13228	110	-26
13229	110	-24
13230	110	-22
13231	110	-20
13232	110	-18
13233	110	-16
13234	110	-14
13235	110	-12
13236	110	-10
13237	110	-8
13238	110	-6
13239	110	-4
13240	110	-2
13241	110	0
13242	110	2
13243	110	4
13244	110	6
13245	110	8
13246	110	10
13247	110	12
13248	110	14
13249	110	16
13250	110	18
13251	110	20
13252	110	22
13253	110	24
13254	110	26
13255	110	28
13256	110	30
13257	110	32
13258	110	34
13259	110	36
13260	110	38
13261	110	40
13262	110	42
13263	110	44
13264	110	46
13265	110	48
13266	110	50
13267	110	52
13268	110	54
13269	110	56
13270	110	58
13271	110	60
13272	110	62
13273	110	64
13274	110	66
13275	110	68
13276	110	70
13277	110	72
13278	110	74
13279	110	76
13280	110	78
13281	110	80
13282	110	82
13283	110	84
13284	110	86
13285	110	88
13286	110	90
13287	112	-90
13288	112	-88
13289	112	-86
13290	112	-84
13291	112	-82
13292	112	-80
13293	112	-78
13294	112	-76
13295	112	-74
13296	112	-72
13297	112	-70
13298	112	-68
13299	112	-66
13300	112	-64
13301	112	-62
13302	112	-60
13303	112	-58
13304	112	-56
13305	112	-54
13306	112	-52
13307	112	-50
13308	112	-48
13309	112	-46
13310	112	-44
13311	112	-42
13312	112	-40
13313	112	-38
13314	112	-36
13315	112	-34
13316	112	-32
13317	112	-30
13318	112	-28
13319	112	-26
13320	112	-24
13321	112	-22
13322	112	-20
13323	112	-18
13324	112	-16
13325	112	-14
13326	112	-12
13327	112	-10
13328	112	-8
13329	112	-6
13330	112	-4
13331	112	-2
13332	112	0
13333	112	2
13334	112	4
13335	112	6
13336	112	8
13337	112	10
13338	112	12
13339	112	14
13340	112	16
13341	112	18
13342	112	20
13343	112	22
13344	112	24
13345	112	26
13346	112	28
13347	112	30
13348	112	32
13349	112	34
13350	112	36
13351	112	38
13352	112	40
13353	112	42
13354	112	44
13355	112	46
13356	112	48
13357	112	50
13358	112	52
13359	112	54
13360	112	56
13361	112	58
13362	112	60
13363	112	62
13364	112	64
13365	112	66
13366	112	68
13367	112	70
13368	112	72
13369	112	74
13370	112	76
13371	112	78
13372	112	80
13373	112	82
13374	112	84
13375	112	86
13376	112	88
13377	112	90
13378	114	-90
13379	114	-88
13380	114	-86
13381	114	-84
13382	114	-82
13383	114	-80
13384	114	-78
13385	114	-76
13386	114	-74
13387	114	-72
13388	114	-70
13389	114	-68
13390	114	-66
13391	114	-64
13392	114	-62
13393	114	-60
13394	114	-58
13395	114	-56
13396	114	-54
13397	114	-52
13398	114	-50
13399	114	-48
13400	114	-46
13401	114	-44
13402	114	-42
13403	114	-40
13404	114	-38
13405	114	-36
13406	114	-34
13407	114	-32
13408	114	-30
13409	114	-28
13410	114	-26
13411	114	-24
13412	114	-22
13413	114	-20
13414	114	-18
13415	114	-16
13416	114	-14
13417	114	-12
13418	114	-10
13419	114	-8
13420	114	-6
13421	114	-4
13422	114	-2
13423	114	0
13424	114	2
13425	114	4
13426	114	6
13427	114	8
13428	114	10
13429	114	12
13430	114	14
13431	114	16
13432	114	18
13433	114	20
13434	114	22
13435	114	24
13436	114	26
13437	114	28
13438	114	30
13439	114	32
13440	114	34
13441	114	36
13442	114	38
13443	114	40
13444	114	42
13445	114	44
13446	114	46
13447	114	48
13448	114	50
13449	114	52
13450	114	54
13451	114	56
13452	114	58
13453	114	60
13454	114	62
13455	114	64
13456	114	66
13457	114	68
13458	114	70
13459	114	72
13460	114	74
13461	114	76
13462	114	78
13463	114	80
13464	114	82
13465	114	84
13466	114	86
13467	114	88
13468	114	90
13469	116	-90
13470	116	-88
13471	116	-86
13472	116	-84
13473	116	-82
13474	116	-80
13475	116	-78
13476	116	-76
13477	116	-74
13478	116	-72
13479	116	-70
13480	116	-68
13481	116	-66
13482	116	-64
13483	116	-62
13484	116	-60
13485	116	-58
13486	116	-56
13487	116	-54
13488	116	-52
13489	116	-50
13490	116	-48
13491	116	-46
13492	116	-44
13493	116	-42
13494	116	-40
13495	116	-38
13496	116	-36
13497	116	-34
13498	116	-32
13499	116	-30
13500	116	-28
13501	116	-26
13502	116	-24
13503	116	-22
13504	116	-20
13505	116	-18
13506	116	-16
13507	116	-14
13508	116	-12
13509	116	-10
13510	116	-8
13511	116	-6
13512	116	-4
13513	116	-2
13514	116	0
13515	116	2
13516	116	4
13517	116	6
13518	116	8
13519	116	10
13520	116	12
13521	116	14
13522	116	16
13523	116	18
13524	116	20
13525	116	22
13526	116	24
13527	116	26
13528	116	28
13529	116	30
13530	116	32
13531	116	34
13532	116	36
13533	116	38
13534	116	40
13535	116	42
13536	116	44
13537	116	46
13538	116	48
13539	116	50
13540	116	52
13541	116	54
13542	116	56
13543	116	58
13544	116	60
13545	116	62
13546	116	64
13547	116	66
13548	116	68
13549	116	70
13550	116	72
13551	116	74
13552	116	76
13553	116	78
13554	116	80
13555	116	82
13556	116	84
13557	116	86
13558	116	88
13559	116	90
13560	118	-90
13561	118	-88
13562	118	-86
13563	118	-84
13564	118	-82
13565	118	-80
13566	118	-78
13567	118	-76
13568	118	-74
13569	118	-72
13570	118	-70
13571	118	-68
13572	118	-66
13573	118	-64
13574	118	-62
13575	118	-60
13576	118	-58
13577	118	-56
13578	118	-54
13579	118	-52
13580	118	-50
13581	118	-48
13582	118	-46
13583	118	-44
13584	118	-42
13585	118	-40
13586	118	-38
13587	118	-36
13588	118	-34
13589	118	-32
13590	118	-30
13591	118	-28
13592	118	-26
13593	118	-24
13594	118	-22
13595	118	-20
13596	118	-18
13597	118	-16
13598	118	-14
13599	118	-12
13600	118	-10
13601	118	-8
13602	118	-6
13603	118	-4
13604	118	-2
13605	118	0
13606	118	2
13607	118	4
13608	118	6
13609	118	8
13610	118	10
13611	118	12
13612	118	14
13613	118	16
13614	118	18
13615	118	20
13616	118	22
13617	118	24
13618	118	26
13619	118	28
13620	118	30
13621	118	32
13622	118	34
13623	118	36
13624	118	38
13625	118	40
13626	118	42
13627	118	44
13628	118	46
13629	118	48
13630	118	50
13631	118	52
13632	118	54
13633	118	56
13634	118	58
13635	118	60
13636	118	62
13637	118	64
13638	118	66
13639	118	68
13640	118	70
13641	118	72
13642	118	74
13643	118	76
13644	118	78
13645	118	80
13646	118	82
13647	118	84
13648	118	86
13649	118	88
13650	118	90
13651	120	-90
13652	120	-88
13653	120	-86
13654	120	-84
13655	120	-82
13656	120	-80
13657	120	-78
13658	120	-76
13659	120	-74
13660	120	-72
13661	120	-70
13662	120	-68
13663	120	-66
13664	120	-64
13665	120	-62
13666	120	-60
13667	120	-58
13668	120	-56
13669	120	-54
13670	120	-52
13671	120	-50
13672	120	-48
13673	120	-46
13674	120	-44
13675	120	-42
13676	120	-40
13677	120	-38
13678	120	-36
13679	120	-34
13680	120	-32
13681	120	-30
13682	120	-28
13683	120	-26
13684	120	-24
13685	120	-22
13686	120	-20
13687	120	-18
13688	120	-16
13689	120	-14
13690	120	-12
13691	120	-10
13692	120	-8
13693	120	-6
13694	120	-4
13695	120	-2
13696	120	0
13697	120	2
13698	120	4
13699	120	6
13700	120	8
13701	120	10
13702	120	12
13703	120	14
13704	120	16
13705	120	18
13706	120	20
13707	120	22
13708	120	24
13709	120	26
13710	120	28
13711	120	30
13712	120	32
13713	120	34
13714	120	36
13715	120	38
13716	120	40
13717	120	42
13718	120	44
13719	120	46
13720	120	48
13721	120	50
13722	120	52
13723	120	54
13724	120	56
13725	120	58
13726	120	60
13727	120	62
13728	120	64
13729	120	66
13730	120	68
13731	120	70
13732	120	72
13733	120	74
13734	120	76
13735	120	78
13736	120	80
13737	120	82
13738	120	84
13739	120	86
13740	120	88
13741	120	90
13742	122	-90
13743	122	-88
13744	122	-86
13745	122	-84
13746	122	-82
13747	122	-80
13748	122	-78
13749	122	-76
13750	122	-74
13751	122	-72
13752	122	-70
13753	122	-68
13754	122	-66
13755	122	-64
13756	122	-62
13757	122	-60
13758	122	-58
13759	122	-56
13760	122	-54
13761	122	-52
13762	122	-50
13763	122	-48
13764	122	-46
13765	122	-44
13766	122	-42
13767	122	-40
13768	122	-38
13769	122	-36
13770	122	-34
13771	122	-32
13772	122	-30
13773	122	-28
13774	122	-26
13775	122	-24
13776	122	-22
13777	122	-20
13778	122	-18
13779	122	-16
13780	122	-14
13781	122	-12
13782	122	-10
13783	122	-8
13784	122	-6
13785	122	-4
13786	122	-2
13787	122	0
13788	122	2
13789	122	4
13790	122	6
13791	122	8
13792	122	10
13793	122	12
13794	122	14
13795	122	16
13796	122	18
13797	122	20
13798	122	22
13799	122	24
13800	122	26
13801	122	28
13802	122	30
13803	122	32
13804	122	34
13805	122	36
13806	122	38
13807	122	40
13808	122	42
13809	122	44
13810	122	46
13811	122	48
13812	122	50
13813	122	52
13814	122	54
13815	122	56
13816	122	58
13817	122	60
13818	122	62
13819	122	64
13820	122	66
13821	122	68
13822	122	70
13823	122	72
13824	122	74
13825	122	76
13826	122	78
13827	122	80
13828	122	82
13829	122	84
13830	122	86
13831	122	88
13832	122	90
13833	124	-90
13834	124	-88
13835	124	-86
13836	124	-84
13837	124	-82
13838	124	-80
13839	124	-78
13840	124	-76
13841	124	-74
13842	124	-72
13843	124	-70
13844	124	-68
13845	124	-66
13846	124	-64
13847	124	-62
13848	124	-60
13849	124	-58
13850	124	-56
13851	124	-54
13852	124	-52
13853	124	-50
13854	124	-48
13855	124	-46
13856	124	-44
13857	124	-42
13858	124	-40
13859	124	-38
13860	124	-36
13861	124	-34
13862	124	-32
13863	124	-30
13864	124	-28
13865	124	-26
13866	124	-24
13867	124	-22
13868	124	-20
13869	124	-18
13870	124	-16
13871	124	-14
13872	124	-12
13873	124	-10
13874	124	-8
13875	124	-6
13876	124	-4
13877	124	-2
13878	124	0
13879	124	2
13880	124	4
13881	124	6
13882	124	8
13883	124	10
13884	124	12
13885	124	14
13886	124	16
13887	124	18
13888	124	20
13889	124	22
13890	124	24
13891	124	26
13892	124	28
13893	124	30
13894	124	32
13895	124	34
13896	124	36
13897	124	38
13898	124	40
13899	124	42
13900	124	44
13901	124	46
13902	124	48
13903	124	50
13904	124	52
13905	124	54
13906	124	56
13907	124	58
13908	124	60
13909	124	62
13910	124	64
13911	124	66
13912	124	68
13913	124	70
13914	124	72
13915	124	74
13916	124	76
13917	124	78
13918	124	80
13919	124	82
13920	124	84
13921	124	86
13922	124	88
13923	124	90
13924	126	-90
13925	126	-88
13926	126	-86
13927	126	-84
13928	126	-82
13929	126	-80
13930	126	-78
13931	126	-76
13932	126	-74
13933	126	-72
13934	126	-70
13935	126	-68
13936	126	-66
13937	126	-64
13938	126	-62
13939	126	-60
13940	126	-58
13941	126	-56
13942	126	-54
13943	126	-52
13944	126	-50
13945	126	-48
13946	126	-46
13947	126	-44
13948	126	-42
13949	126	-40
13950	126	-38
13951	126	-36
13952	126	-34
13953	126	-32
13954	126	-30
13955	126	-28
13956	126	-26
13957	126	-24
13958	126	-22
13959	126	-20
13960	126	-18
13961	126	-16
13962	126	-14
13963	126	-12
13964	126	-10
13965	126	-8
13966	126	-6
13967	126	-4
13968	126	-2
13969	126	0
13970	126	2
13971	126	4
13972	126	6
13973	126	8
13974	126	10
13975	126	12
13976	126	14
13977	126	16
13978	126	18
13979	126	20
13980	126	22
13981	126	24
13982	126	26
13983	126	28
13984	126	30
13985	126	32
13986	126	34
13987	126	36
13988	126	38
13989	126	40
13990	126	42
13991	126	44
13992	126	46
13993	126	48
13994	126	50
13995	126	52
13996	126	54
13997	126	56
13998	126	58
13999	126	60
14000	126	62
14001	126	64
14002	126	66
14003	126	68
14004	126	70
14005	126	72
14006	126	74
14007	126	76
14008	126	78
14009	126	80
14010	126	82
14011	126	84
14012	126	86
14013	126	88
14014	126	90
14015	128	-90
14016	128	-88
14017	128	-86
14018	128	-84
14019	128	-82
14020	128	-80
14021	128	-78
14022	128	-76
14023	128	-74
14024	128	-72
14025	128	-70
14026	128	-68
14027	128	-66
14028	128	-64
14029	128	-62
14030	128	-60
14031	128	-58
14032	128	-56
14033	128	-54
14034	128	-52
14035	128	-50
14036	128	-48
14037	128	-46
14038	128	-44
14039	128	-42
14040	128	-40
14041	128	-38
14042	128	-36
14043	128	-34
14044	128	-32
14045	128	-30
14046	128	-28
14047	128	-26
14048	128	-24
14049	128	-22
14050	128	-20
14051	128	-18
14052	128	-16
14053	128	-14
14054	128	-12
14055	128	-10
14056	128	-8
14057	128	-6
14058	128	-4
14059	128	-2
14060	128	0
14061	128	2
14062	128	4
14063	128	6
14064	128	8
14065	128	10
14066	128	12
14067	128	14
14068	128	16
14069	128	18
14070	128	20
14071	128	22
14072	128	24
14073	128	26
14074	128	28
14075	128	30
14076	128	32
14077	128	34
14078	128	36
14079	128	38
14080	128	40
14081	128	42
14082	128	44
14083	128	46
14084	128	48
14085	128	50
14086	128	52
14087	128	54
14088	128	56
14089	128	58
14090	128	60
14091	128	62
14092	128	64
14093	128	66
14094	128	68
14095	128	70
14096	128	72
14097	128	74
14098	128	76
14099	128	78
14100	128	80
14101	128	82
14102	128	84
14103	128	86
14104	128	88
14105	128	90
14106	130	-90
14107	130	-88
14108	130	-86
14109	130	-84
14110	130	-82
14111	130	-80
14112	130	-78
14113	130	-76
14114	130	-74
14115	130	-72
14116	130	-70
14117	130	-68
14118	130	-66
14119	130	-64
14120	130	-62
14121	130	-60
14122	130	-58
14123	130	-56
14124	130	-54
14125	130	-52
14126	130	-50
14127	130	-48
14128	130	-46
14129	130	-44
14130	130	-42
14131	130	-40
14132	130	-38
14133	130	-36
14134	130	-34
14135	130	-32
14136	130	-30
14137	130	-28
14138	130	-26
14139	130	-24
14140	130	-22
14141	130	-20
14142	130	-18
14143	130	-16
14144	130	-14
14145	130	-12
14146	130	-10
14147	130	-8
14148	130	-6
14149	130	-4
14150	130	-2
14151	130	0
14152	130	2
14153	130	4
14154	130	6
14155	130	8
14156	130	10
14157	130	12
14158	130	14
14159	130	16
14160	130	18
14161	130	20
14162	130	22
14163	130	24
14164	130	26
14165	130	28
14166	130	30
14167	130	32
14168	130	34
14169	130	36
14170	130	38
14171	130	40
14172	130	42
14173	130	44
14174	130	46
14175	130	48
14176	130	50
14177	130	52
14178	130	54
14179	130	56
14180	130	58
14181	130	60
14182	130	62
14183	130	64
14184	130	66
14185	130	68
14186	130	70
14187	130	72
14188	130	74
14189	130	76
14190	130	78
14191	130	80
14192	130	82
14193	130	84
14194	130	86
14195	130	88
14196	130	90
14197	132	-90
14198	132	-88
14199	132	-86
14200	132	-84
14201	132	-82
14202	132	-80
14203	132	-78
14204	132	-76
14205	132	-74
14206	132	-72
14207	132	-70
14208	132	-68
14209	132	-66
14210	132	-64
14211	132	-62
14212	132	-60
14213	132	-58
14214	132	-56
14215	132	-54
14216	132	-52
14217	132	-50
14218	132	-48
14219	132	-46
14220	132	-44
14221	132	-42
14222	132	-40
14223	132	-38
14224	132	-36
14225	132	-34
14226	132	-32
14227	132	-30
14228	132	-28
14229	132	-26
14230	132	-24
14231	132	-22
14232	132	-20
14233	132	-18
14234	132	-16
14235	132	-14
14236	132	-12
14237	132	-10
14238	132	-8
14239	132	-6
14240	132	-4
14241	132	-2
14242	132	0
14243	132	2
14244	132	4
14245	132	6
14246	132	8
14247	132	10
14248	132	12
14249	132	14
14250	132	16
14251	132	18
14252	132	20
14253	132	22
14254	132	24
14255	132	26
14256	132	28
14257	132	30
14258	132	32
14259	132	34
14260	132	36
14261	132	38
14262	132	40
14263	132	42
14264	132	44
14265	132	46
14266	132	48
14267	132	50
14268	132	52
14269	132	54
14270	132	56
14271	132	58
14272	132	60
14273	132	62
14274	132	64
14275	132	66
14276	132	68
14277	132	70
14278	132	72
14279	132	74
14280	132	76
14281	132	78
14282	132	80
14283	132	82
14284	132	84
14285	132	86
14286	132	88
14287	132	90
14288	134	-90
14289	134	-88
14290	134	-86
14291	134	-84
14292	134	-82
14293	134	-80
14294	134	-78
14295	134	-76
14296	134	-74
14297	134	-72
14298	134	-70
14299	134	-68
14300	134	-66
14301	134	-64
14302	134	-62
14303	134	-60
14304	134	-58
14305	134	-56
14306	134	-54
14307	134	-52
14308	134	-50
14309	134	-48
14310	134	-46
14311	134	-44
14312	134	-42
14313	134	-40
14314	134	-38
14315	134	-36
14316	134	-34
14317	134	-32
14318	134	-30
14319	134	-28
14320	134	-26
14321	134	-24
14322	134	-22
14323	134	-20
14324	134	-18
14325	134	-16
14326	134	-14
14327	134	-12
14328	134	-10
14329	134	-8
14330	134	-6
14331	134	-4
14332	134	-2
14333	134	0
14334	134	2
14335	134	4
14336	134	6
14337	134	8
14338	134	10
14339	134	12
14340	134	14
14341	134	16
14342	134	18
14343	134	20
14344	134	22
14345	134	24
14346	134	26
14347	134	28
14348	134	30
14349	134	32
14350	134	34
14351	134	36
14352	134	38
14353	134	40
14354	134	42
14355	134	44
14356	134	46
14357	134	48
14358	134	50
14359	134	52
14360	134	54
14361	134	56
14362	134	58
14363	134	60
14364	134	62
14365	134	64
14366	134	66
14367	134	68
14368	134	70
14369	134	72
14370	134	74
14371	134	76
14372	134	78
14373	134	80
14374	134	82
14375	134	84
14376	134	86
14377	134	88
14378	134	90
14379	136	-90
14380	136	-88
14381	136	-86
14382	136	-84
14383	136	-82
14384	136	-80
14385	136	-78
14386	136	-76
14387	136	-74
14388	136	-72
14389	136	-70
14390	136	-68
14391	136	-66
14392	136	-64
14393	136	-62
14394	136	-60
14395	136	-58
14396	136	-56
14397	136	-54
14398	136	-52
14399	136	-50
14400	136	-48
14401	136	-46
14402	136	-44
14403	136	-42
14404	136	-40
14405	136	-38
14406	136	-36
14407	136	-34
14408	136	-32
14409	136	-30
14410	136	-28
14411	136	-26
14412	136	-24
14413	136	-22
14414	136	-20
14415	136	-18
14416	136	-16
14417	136	-14
14418	136	-12
14419	136	-10
14420	136	-8
14421	136	-6
14422	136	-4
14423	136	-2
14424	136	0
14425	136	2
14426	136	4
14427	136	6
14428	136	8
14429	136	10
14430	136	12
14431	136	14
14432	136	16
14433	136	18
14434	136	20
14435	136	22
14436	136	24
14437	136	26
14438	136	28
14439	136	30
14440	136	32
14441	136	34
14442	136	36
14443	136	38
14444	136	40
14445	136	42
14446	136	44
14447	136	46
14448	136	48
14449	136	50
14450	136	52
14451	136	54
14452	136	56
14453	136	58
14454	136	60
14455	136	62
14456	136	64
14457	136	66
14458	136	68
14459	136	70
14460	136	72
14461	136	74
14462	136	76
14463	136	78
14464	136	80
14465	136	82
14466	136	84
14467	136	86
14468	136	88
14469	136	90
14470	138	-90
14471	138	-88
14472	138	-86
14473	138	-84
14474	138	-82
14475	138	-80
14476	138	-78
14477	138	-76
14478	138	-74
14479	138	-72
14480	138	-70
14481	138	-68
14482	138	-66
14483	138	-64
14484	138	-62
14485	138	-60
14486	138	-58
14487	138	-56
14488	138	-54
14489	138	-52
14490	138	-50
14491	138	-48
14492	138	-46
14493	138	-44
14494	138	-42
14495	138	-40
14496	138	-38
14497	138	-36
14498	138	-34
14499	138	-32
14500	138	-30
14501	138	-28
14502	138	-26
14503	138	-24
14504	138	-22
14505	138	-20
14506	138	-18
14507	138	-16
14508	138	-14
14509	138	-12
14510	138	-10
14511	138	-8
14512	138	-6
14513	138	-4
14514	138	-2
14515	138	0
14516	138	2
14517	138	4
14518	138	6
14519	138	8
14520	138	10
14521	138	12
14522	138	14
14523	138	16
14524	138	18
14525	138	20
14526	138	22
14527	138	24
14528	138	26
14529	138	28
14530	138	30
14531	138	32
14532	138	34
14533	138	36
14534	138	38
14535	138	40
14536	138	42
14537	138	44
14538	138	46
14539	138	48
14540	138	50
14541	138	52
14542	138	54
14543	138	56
14544	138	58
14545	138	60
14546	138	62
14547	138	64
14548	138	66
14549	138	68
14550	138	70
14551	138	72
14552	138	74
14553	138	76
14554	138	78
14555	138	80
14556	138	82
14557	138	84
14558	138	86
14559	138	88
14560	138	90
14561	140	-90
14562	140	-88
14563	140	-86
14564	140	-84
14565	140	-82
14566	140	-80
14567	140	-78
14568	140	-76
14569	140	-74
14570	140	-72
14571	140	-70
14572	140	-68
14573	140	-66
14574	140	-64
14575	140	-62
14576	140	-60
14577	140	-58
14578	140	-56
14579	140	-54
14580	140	-52
14581	140	-50
14582	140	-48
14583	140	-46
14584	140	-44
14585	140	-42
14586	140	-40
14587	140	-38
14588	140	-36
14589	140	-34
14590	140	-32
14591	140	-30
14592	140	-28
14593	140	-26
14594	140	-24
14595	140	-22
14596	140	-20
14597	140	-18
14598	140	-16
14599	140	-14
14600	140	-12
14601	140	-10
14602	140	-8
14603	140	-6
14604	140	-4
14605	140	-2
14606	140	0
14607	140	2
14608	140	4
14609	140	6
14610	140	8
14611	140	10
14612	140	12
14613	140	14
14614	140	16
14615	140	18
14616	140	20
14617	140	22
14618	140	24
14619	140	26
14620	140	28
14621	140	30
14622	140	32
14623	140	34
14624	140	36
14625	140	38
14626	140	40
14627	140	42
14628	140	44
14629	140	46
14630	140	48
14631	140	50
14632	140	52
14633	140	54
14634	140	56
14635	140	58
14636	140	60
14637	140	62
14638	140	64
14639	140	66
14640	140	68
14641	140	70
14642	140	72
14643	140	74
14644	140	76
14645	140	78
14646	140	80
14647	140	82
14648	140	84
14649	140	86
14650	140	88
14651	140	90
14652	142	-90
14653	142	-88
14654	142	-86
14655	142	-84
14656	142	-82
14657	142	-80
14658	142	-78
14659	142	-76
14660	142	-74
14661	142	-72
14662	142	-70
14663	142	-68
14664	142	-66
14665	142	-64
14666	142	-62
14667	142	-60
14668	142	-58
14669	142	-56
14670	142	-54
14671	142	-52
14672	142	-50
14673	142	-48
14674	142	-46
14675	142	-44
14676	142	-42
14677	142	-40
14678	142	-38
14679	142	-36
14680	142	-34
14681	142	-32
14682	142	-30
14683	142	-28
14684	142	-26
14685	142	-24
14686	142	-22
14687	142	-20
14688	142	-18
14689	142	-16
14690	142	-14
14691	142	-12
14692	142	-10
14693	142	-8
14694	142	-6
14695	142	-4
14696	142	-2
14697	142	0
14698	142	2
14699	142	4
14700	142	6
14701	142	8
14702	142	10
14703	142	12
14704	142	14
14705	142	16
14706	142	18
14707	142	20
14708	142	22
14709	142	24
14710	142	26
14711	142	28
14712	142	30
14713	142	32
14714	142	34
14715	142	36
14716	142	38
14717	142	40
14718	142	42
14719	142	44
14720	142	46
14721	142	48
14722	142	50
14723	142	52
14724	142	54
14725	142	56
14726	142	58
14727	142	60
14728	142	62
14729	142	64
14730	142	66
14731	142	68
14732	142	70
14733	142	72
14734	142	74
14735	142	76
14736	142	78
14737	142	80
14738	142	82
14739	142	84
14740	142	86
14741	142	88
14742	142	90
14743	144	-90
14744	144	-88
14745	144	-86
14746	144	-84
14747	144	-82
14748	144	-80
14749	144	-78
14750	144	-76
14751	144	-74
14752	144	-72
14753	144	-70
14754	144	-68
14755	144	-66
14756	144	-64
14757	144	-62
14758	144	-60
14759	144	-58
14760	144	-56
14761	144	-54
14762	144	-52
14763	144	-50
14764	144	-48
14765	144	-46
14766	144	-44
14767	144	-42
14768	144	-40
14769	144	-38
14770	144	-36
14771	144	-34
14772	144	-32
14773	144	-30
14774	144	-28
14775	144	-26
14776	144	-24
14777	144	-22
14778	144	-20
14779	144	-18
14780	144	-16
14781	144	-14
14782	144	-12
14783	144	-10
14784	144	-8
14785	144	-6
14786	144	-4
14787	144	-2
14788	144	0
14789	144	2
14790	144	4
14791	144	6
14792	144	8
14793	144	10
14794	144	12
14795	144	14
14796	144	16
14797	144	18
14798	144	20
14799	144	22
14800	144	24
14801	144	26
14802	144	28
14803	144	30
14804	144	32
14805	144	34
14806	144	36
14807	144	38
14808	144	40
14809	144	42
14810	144	44
14811	144	46
14812	144	48
14813	144	50
14814	144	52
14815	144	54
14816	144	56
14817	144	58
14818	144	60
14819	144	62
14820	144	64
14821	144	66
14822	144	68
14823	144	70
14824	144	72
14825	144	74
14826	144	76
14827	144	78
14828	144	80
14829	144	82
14830	144	84
14831	144	86
14832	144	88
14833	144	90
14834	146	-90
14835	146	-88
14836	146	-86
14837	146	-84
14838	146	-82
14839	146	-80
14840	146	-78
14841	146	-76
14842	146	-74
14843	146	-72
14844	146	-70
14845	146	-68
14846	146	-66
14847	146	-64
14848	146	-62
14849	146	-60
14850	146	-58
14851	146	-56
14852	146	-54
14853	146	-52
14854	146	-50
14855	146	-48
14856	146	-46
14857	146	-44
14858	146	-42
14859	146	-40
14860	146	-38
14861	146	-36
14862	146	-34
14863	146	-32
14864	146	-30
14865	146	-28
14866	146	-26
14867	146	-24
14868	146	-22
14869	146	-20
14870	146	-18
14871	146	-16
14872	146	-14
14873	146	-12
14874	146	-10
14875	146	-8
14876	146	-6
14877	146	-4
14878	146	-2
14879	146	0
14880	146	2
14881	146	4
14882	146	6
14883	146	8
14884	146	10
14885	146	12
14886	146	14
14887	146	16
14888	146	18
14889	146	20
14890	146	22
14891	146	24
14892	146	26
14893	146	28
14894	146	30
14895	146	32
14896	146	34
14897	146	36
14898	146	38
14899	146	40
14900	146	42
14901	146	44
14902	146	46
14903	146	48
14904	146	50
14905	146	52
14906	146	54
14907	146	56
14908	146	58
14909	146	60
14910	146	62
14911	146	64
14912	146	66
14913	146	68
14914	146	70
14915	146	72
14916	146	74
14917	146	76
14918	146	78
14919	146	80
14920	146	82
14921	146	84
14922	146	86
14923	146	88
14924	146	90
14925	148	-90
14926	148	-88
14927	148	-86
14928	148	-84
14929	148	-82
14930	148	-80
14931	148	-78
14932	148	-76
14933	148	-74
14934	148	-72
14935	148	-70
14936	148	-68
14937	148	-66
14938	148	-64
14939	148	-62
14940	148	-60
14941	148	-58
14942	148	-56
14943	148	-54
14944	148	-52
14945	148	-50
14946	148	-48
14947	148	-46
14948	148	-44
14949	148	-42
14950	148	-40
14951	148	-38
14952	148	-36
14953	148	-34
14954	148	-32
14955	148	-30
14956	148	-28
14957	148	-26
14958	148	-24
14959	148	-22
14960	148	-20
14961	148	-18
14962	148	-16
14963	148	-14
14964	148	-12
14965	148	-10
14966	148	-8
14967	148	-6
14968	148	-4
14969	148	-2
14970	148	0
14971	148	2
14972	148	4
14973	148	6
14974	148	8
14975	148	10
14976	148	12
14977	148	14
14978	148	16
14979	148	18
14980	148	20
14981	148	22
14982	148	24
14983	148	26
14984	148	28
14985	148	30
14986	148	32
14987	148	34
14988	148	36
14989	148	38
14990	148	40
14991	148	42
14992	148	44
14993	148	46
14994	148	48
14995	148	50
14996	148	52
14997	148	54
14998	148	56
14999	148	58
15000	148	60
15001	148	62
15002	148	64
15003	148	66
15004	148	68
15005	148	70
15006	148	72
15007	148	74
15008	148	76
15009	148	78
15010	148	80
15011	148	82
15012	148	84
15013	148	86
15014	148	88
15015	148	90
15016	150	-90
15017	150	-88
15018	150	-86
15019	150	-84
15020	150	-82
15021	150	-80
15022	150	-78
15023	150	-76
15024	150	-74
15025	150	-72
15026	150	-70
15027	150	-68
15028	150	-66
15029	150	-64
15030	150	-62
15031	150	-60
15032	150	-58
15033	150	-56
15034	150	-54
15035	150	-52
15036	150	-50
15037	150	-48
15038	150	-46
15039	150	-44
15040	150	-42
15041	150	-40
15042	150	-38
15043	150	-36
15044	150	-34
15045	150	-32
15046	150	-30
15047	150	-28
15048	150	-26
15049	150	-24
15050	150	-22
15051	150	-20
15052	150	-18
15053	150	-16
15054	150	-14
15055	150	-12
15056	150	-10
15057	150	-8
15058	150	-6
15059	150	-4
15060	150	-2
15061	150	0
15062	150	2
15063	150	4
15064	150	6
15065	150	8
15066	150	10
15067	150	12
15068	150	14
15069	150	16
15070	150	18
15071	150	20
15072	150	22
15073	150	24
15074	150	26
15075	150	28
15076	150	30
15077	150	32
15078	150	34
15079	150	36
15080	150	38
15081	150	40
15082	150	42
15083	150	44
15084	150	46
15085	150	48
15086	150	50
15087	150	52
15088	150	54
15089	150	56
15090	150	58
15091	150	60
15092	150	62
15093	150	64
15094	150	66
15095	150	68
15096	150	70
15097	150	72
15098	150	74
15099	150	76
15100	150	78
15101	150	80
15102	150	82
15103	150	84
15104	150	86
15105	150	88
15106	150	90
15107	152	-90
15108	152	-88
15109	152	-86
15110	152	-84
15111	152	-82
15112	152	-80
15113	152	-78
15114	152	-76
15115	152	-74
15116	152	-72
15117	152	-70
15118	152	-68
15119	152	-66
15120	152	-64
15121	152	-62
15122	152	-60
15123	152	-58
15124	152	-56
15125	152	-54
15126	152	-52
15127	152	-50
15128	152	-48
15129	152	-46
15130	152	-44
15131	152	-42
15132	152	-40
15133	152	-38
15134	152	-36
15135	152	-34
15136	152	-32
15137	152	-30
15138	152	-28
15139	152	-26
15140	152	-24
15141	152	-22
15142	152	-20
15143	152	-18
15144	152	-16
15145	152	-14
15146	152	-12
15147	152	-10
15148	152	-8
15149	152	-6
15150	152	-4
15151	152	-2
15152	152	0
15153	152	2
15154	152	4
15155	152	6
15156	152	8
15157	152	10
15158	152	12
15159	152	14
15160	152	16
15161	152	18
15162	152	20
15163	152	22
15164	152	24
15165	152	26
15166	152	28
15167	152	30
15168	152	32
15169	152	34
15170	152	36
15171	152	38
15172	152	40
15173	152	42
15174	152	44
15175	152	46
15176	152	48
15177	152	50
15178	152	52
15179	152	54
15180	152	56
15181	152	58
15182	152	60
15183	152	62
15184	152	64
15185	152	66
15186	152	68
15187	152	70
15188	152	72
15189	152	74
15190	152	76
15191	152	78
15192	152	80
15193	152	82
15194	152	84
15195	152	86
15196	152	88
15197	152	90
15198	154	-90
15199	154	-88
15200	154	-86
15201	154	-84
15202	154	-82
15203	154	-80
15204	154	-78
15205	154	-76
15206	154	-74
15207	154	-72
15208	154	-70
15209	154	-68
15210	154	-66
15211	154	-64
15212	154	-62
15213	154	-60
15214	154	-58
15215	154	-56
15216	154	-54
15217	154	-52
15218	154	-50
15219	154	-48
15220	154	-46
15221	154	-44
15222	154	-42
15223	154	-40
15224	154	-38
15225	154	-36
15226	154	-34
15227	154	-32
15228	154	-30
15229	154	-28
15230	154	-26
15231	154	-24
15232	154	-22
15233	154	-20
15234	154	-18
15235	154	-16
15236	154	-14
15237	154	-12
15238	154	-10
15239	154	-8
15240	154	-6
15241	154	-4
15242	154	-2
15243	154	0
15244	154	2
15245	154	4
15246	154	6
15247	154	8
15248	154	10
15249	154	12
15250	154	14
15251	154	16
15252	154	18
15253	154	20
15254	154	22
15255	154	24
15256	154	26
15257	154	28
15258	154	30
15259	154	32
15260	154	34
15261	154	36
15262	154	38
15263	154	40
15264	154	42
15265	154	44
15266	154	46
15267	154	48
15268	154	50
15269	154	52
15270	154	54
15271	154	56
15272	154	58
15273	154	60
15274	154	62
15275	154	64
15276	154	66
15277	154	68
15278	154	70
15279	154	72
15280	154	74
15281	154	76
15282	154	78
15283	154	80
15284	154	82
15285	154	84
15286	154	86
15287	154	88
15288	154	90
15289	156	-90
15290	156	-88
15291	156	-86
15292	156	-84
15293	156	-82
15294	156	-80
15295	156	-78
15296	156	-76
15297	156	-74
15298	156	-72
15299	156	-70
15300	156	-68
15301	156	-66
15302	156	-64
15303	156	-62
15304	156	-60
15305	156	-58
15306	156	-56
15307	156	-54
15308	156	-52
15309	156	-50
15310	156	-48
15311	156	-46
15312	156	-44
15313	156	-42
15314	156	-40
15315	156	-38
15316	156	-36
15317	156	-34
15318	156	-32
15319	156	-30
15320	156	-28
15321	156	-26
15322	156	-24
15323	156	-22
15324	156	-20
15325	156	-18
15326	156	-16
15327	156	-14
15328	156	-12
15329	156	-10
15330	156	-8
15331	156	-6
15332	156	-4
15333	156	-2
15334	156	0
15335	156	2
15336	156	4
15337	156	6
15338	156	8
15339	156	10
15340	156	12
15341	156	14
15342	156	16
15343	156	18
15344	156	20
15345	156	22
15346	156	24
15347	156	26
15348	156	28
15349	156	30
15350	156	32
15351	156	34
15352	156	36
15353	156	38
15354	156	40
15355	156	42
15356	156	44
15357	156	46
15358	156	48
15359	156	50
15360	156	52
15361	156	54
15362	156	56
15363	156	58
15364	156	60
15365	156	62
15366	156	64
15367	156	66
15368	156	68
15369	156	70
15370	156	72
15371	156	74
15372	156	76
15373	156	78
15374	156	80
15375	156	82
15376	156	84
15377	156	86
15378	156	88
15379	156	90
15380	158	-90
15381	158	-88
15382	158	-86
15383	158	-84
15384	158	-82
15385	158	-80
15386	158	-78
15387	158	-76
15388	158	-74
15389	158	-72
15390	158	-70
15391	158	-68
15392	158	-66
15393	158	-64
15394	158	-62
15395	158	-60
15396	158	-58
15397	158	-56
15398	158	-54
15399	158	-52
15400	158	-50
15401	158	-48
15402	158	-46
15403	158	-44
15404	158	-42
15405	158	-40
15406	158	-38
15407	158	-36
15408	158	-34
15409	158	-32
15410	158	-30
15411	158	-28
15412	158	-26
15413	158	-24
15414	158	-22
15415	158	-20
15416	158	-18
15417	158	-16
15418	158	-14
15419	158	-12
15420	158	-10
15421	158	-8
15422	158	-6
15423	158	-4
15424	158	-2
15425	158	0
15426	158	2
15427	158	4
15428	158	6
15429	158	8
15430	158	10
15431	158	12
15432	158	14
15433	158	16
15434	158	18
15435	158	20
15436	158	22
15437	158	24
15438	158	26
15439	158	28
15440	158	30
15441	158	32
15442	158	34
15443	158	36
15444	158	38
15445	158	40
15446	158	42
15447	158	44
15448	158	46
15449	158	48
15450	158	50
15451	158	52
15452	158	54
15453	158	56
15454	158	58
15455	158	60
15456	158	62
15457	158	64
15458	158	66
15459	158	68
15460	158	70
15461	158	72
15462	158	74
15463	158	76
15464	158	78
15465	158	80
15466	158	82
15467	158	84
15468	158	86
15469	158	88
15470	158	90
15471	160	-90
15472	160	-88
15473	160	-86
15474	160	-84
15475	160	-82
15476	160	-80
15477	160	-78
15478	160	-76
15479	160	-74
15480	160	-72
15481	160	-70
15482	160	-68
15483	160	-66
15484	160	-64
15485	160	-62
15486	160	-60
15487	160	-58
15488	160	-56
15489	160	-54
15490	160	-52
15491	160	-50
15492	160	-48
15493	160	-46
15494	160	-44
15495	160	-42
15496	160	-40
15497	160	-38
15498	160	-36
15499	160	-34
15500	160	-32
15501	160	-30
15502	160	-28
15503	160	-26
15504	160	-24
15505	160	-22
15506	160	-20
15507	160	-18
15508	160	-16
15509	160	-14
15510	160	-12
15511	160	-10
15512	160	-8
15513	160	-6
15514	160	-4
15515	160	-2
15516	160	0
15517	160	2
15518	160	4
15519	160	6
15520	160	8
15521	160	10
15522	160	12
15523	160	14
15524	160	16
15525	160	18
15526	160	20
15527	160	22
15528	160	24
15529	160	26
15530	160	28
15531	160	30
15532	160	32
15533	160	34
15534	160	36
15535	160	38
15536	160	40
15537	160	42
15538	160	44
15539	160	46
15540	160	48
15541	160	50
15542	160	52
15543	160	54
15544	160	56
15545	160	58
15546	160	60
15547	160	62
15548	160	64
15549	160	66
15550	160	68
15551	160	70
15552	160	72
15553	160	74
15554	160	76
15555	160	78
15556	160	80
15557	160	82
15558	160	84
15559	160	86
15560	160	88
15561	160	90
15562	162	-90
15563	162	-88
15564	162	-86
15565	162	-84
15566	162	-82
15567	162	-80
15568	162	-78
15569	162	-76
15570	162	-74
15571	162	-72
15572	162	-70
15573	162	-68
15574	162	-66
15575	162	-64
15576	162	-62
15577	162	-60
15578	162	-58
15579	162	-56
15580	162	-54
15581	162	-52
15582	162	-50
15583	162	-48
15584	162	-46
15585	162	-44
15586	162	-42
15587	162	-40
15588	162	-38
15589	162	-36
15590	162	-34
15591	162	-32
15592	162	-30
15593	162	-28
15594	162	-26
15595	162	-24
15596	162	-22
15597	162	-20
15598	162	-18
15599	162	-16
15600	162	-14
15601	162	-12
15602	162	-10
15603	162	-8
15604	162	-6
15605	162	-4
15606	162	-2
15607	162	0
15608	162	2
15609	162	4
15610	162	6
15611	162	8
15612	162	10
15613	162	12
15614	162	14
15615	162	16
15616	162	18
15617	162	20
15618	162	22
15619	162	24
15620	162	26
15621	162	28
15622	162	30
15623	162	32
15624	162	34
15625	162	36
15626	162	38
15627	162	40
15628	162	42
15629	162	44
15630	162	46
15631	162	48
15632	162	50
15633	162	52
15634	162	54
15635	162	56
15636	162	58
15637	162	60
15638	162	62
15639	162	64
15640	162	66
15641	162	68
15642	162	70
15643	162	72
15644	162	74
15645	162	76
15646	162	78
15647	162	80
15648	162	82
15649	162	84
15650	162	86
15651	162	88
15652	162	90
15653	164	-90
15654	164	-88
15655	164	-86
15656	164	-84
15657	164	-82
15658	164	-80
15659	164	-78
15660	164	-76
15661	164	-74
15662	164	-72
15663	164	-70
15664	164	-68
15665	164	-66
15666	164	-64
15667	164	-62
15668	164	-60
15669	164	-58
15670	164	-56
15671	164	-54
15672	164	-52
15673	164	-50
15674	164	-48
15675	164	-46
15676	164	-44
15677	164	-42
15678	164	-40
15679	164	-38
15680	164	-36
15681	164	-34
15682	164	-32
15683	164	-30
15684	164	-28
15685	164	-26
15686	164	-24
15687	164	-22
15688	164	-20
15689	164	-18
15690	164	-16
15691	164	-14
15692	164	-12
15693	164	-10
15694	164	-8
15695	164	-6
15696	164	-4
15697	164	-2
15698	164	0
15699	164	2
15700	164	4
15701	164	6
15702	164	8
15703	164	10
15704	164	12
15705	164	14
15706	164	16
15707	164	18
15708	164	20
15709	164	22
15710	164	24
15711	164	26
15712	164	28
15713	164	30
15714	164	32
15715	164	34
15716	164	36
15717	164	38
15718	164	40
15719	164	42
15720	164	44
15721	164	46
15722	164	48
15723	164	50
15724	164	52
15725	164	54
15726	164	56
15727	164	58
15728	164	60
15729	164	62
15730	164	64
15731	164	66
15732	164	68
15733	164	70
15734	164	72
15735	164	74
15736	164	76
15737	164	78
15738	164	80
15739	164	82
15740	164	84
15741	164	86
15742	164	88
15743	164	90
15744	166	-90
15745	166	-88
15746	166	-86
15747	166	-84
15748	166	-82
15749	166	-80
15750	166	-78
15751	166	-76
15752	166	-74
15753	166	-72
15754	166	-70
15755	166	-68
15756	166	-66
15757	166	-64
15758	166	-62
15759	166	-60
15760	166	-58
15761	166	-56
15762	166	-54
15763	166	-52
15764	166	-50
15765	166	-48
15766	166	-46
15767	166	-44
15768	166	-42
15769	166	-40
15770	166	-38
15771	166	-36
15772	166	-34
15773	166	-32
15774	166	-30
15775	166	-28
15776	166	-26
15777	166	-24
15778	166	-22
15779	166	-20
15780	166	-18
15781	166	-16
15782	166	-14
15783	166	-12
15784	166	-10
15785	166	-8
15786	166	-6
15787	166	-4
15788	166	-2
15789	166	0
15790	166	2
15791	166	4
15792	166	6
15793	166	8
15794	166	10
15795	166	12
15796	166	14
15797	166	16
15798	166	18
15799	166	20
15800	166	22
15801	166	24
15802	166	26
15803	166	28
15804	166	30
15805	166	32
15806	166	34
15807	166	36
15808	166	38
15809	166	40
15810	166	42
15811	166	44
15812	166	46
15813	166	48
15814	166	50
15815	166	52
15816	166	54
15817	166	56
15818	166	58
15819	166	60
15820	166	62
15821	166	64
15822	166	66
15823	166	68
15824	166	70
15825	166	72
15826	166	74
15827	166	76
15828	166	78
15829	166	80
15830	166	82
15831	166	84
15832	166	86
15833	166	88
15834	166	90
15835	168	-90
15836	168	-88
15837	168	-86
15838	168	-84
15839	168	-82
15840	168	-80
15841	168	-78
15842	168	-76
15843	168	-74
15844	168	-72
15845	168	-70
15846	168	-68
15847	168	-66
15848	168	-64
15849	168	-62
15850	168	-60
15851	168	-58
15852	168	-56
15853	168	-54
15854	168	-52
15855	168	-50
15856	168	-48
15857	168	-46
15858	168	-44
15859	168	-42
15860	168	-40
15861	168	-38
15862	168	-36
15863	168	-34
15864	168	-32
15865	168	-30
15866	168	-28
15867	168	-26
15868	168	-24
15869	168	-22
15870	168	-20
15871	168	-18
15872	168	-16
15873	168	-14
15874	168	-12
15875	168	-10
15876	168	-8
15877	168	-6
15878	168	-4
15879	168	-2
15880	168	0
15881	168	2
15882	168	4
15883	168	6
15884	168	8
15885	168	10
15886	168	12
15887	168	14
15888	168	16
15889	168	18
15890	168	20
15891	168	22
15892	168	24
15893	168	26
15894	168	28
15895	168	30
15896	168	32
15897	168	34
15898	168	36
15899	168	38
15900	168	40
15901	168	42
15902	168	44
15903	168	46
15904	168	48
15905	168	50
15906	168	52
15907	168	54
15908	168	56
15909	168	58
15910	168	60
15911	168	62
15912	168	64
15913	168	66
15914	168	68
15915	168	70
15916	168	72
15917	168	74
15918	168	76
15919	168	78
15920	168	80
15921	168	82
15922	168	84
15923	168	86
15924	168	88
15925	168	90
15926	170	-90
15927	170	-88
15928	170	-86
15929	170	-84
15930	170	-82
15931	170	-80
15932	170	-78
15933	170	-76
15934	170	-74
15935	170	-72
15936	170	-70
15937	170	-68
15938	170	-66
15939	170	-64
15940	170	-62
15941	170	-60
15942	170	-58
15943	170	-56
15944	170	-54
15945	170	-52
15946	170	-50
15947	170	-48
15948	170	-46
15949	170	-44
15950	170	-42
15951	170	-40
15952	170	-38
15953	170	-36
15954	170	-34
15955	170	-32
15956	170	-30
15957	170	-28
15958	170	-26
15959	170	-24
15960	170	-22
15961	170	-20
15962	170	-18
15963	170	-16
15964	170	-14
15965	170	-12
15966	170	-10
15967	170	-8
15968	170	-6
15969	170	-4
15970	170	-2
15971	170	0
15972	170	2
15973	170	4
15974	170	6
15975	170	8
15976	170	10
15977	170	12
15978	170	14
15979	170	16
15980	170	18
15981	170	20
15982	170	22
15983	170	24
15984	170	26
15985	170	28
15986	170	30
15987	170	32
15988	170	34
15989	170	36
15990	170	38
15991	170	40
15992	170	42
15993	170	44
15994	170	46
15995	170	48
15996	170	50
15997	170	52
15998	170	54
15999	170	56
16000	170	58
16001	170	60
16002	170	62
16003	170	64
16004	170	66
16005	170	68
16006	170	70
16007	170	72
16008	170	74
16009	170	76
16010	170	78
16011	170	80
16012	170	82
16013	170	84
16014	170	86
16015	170	88
16016	170	90
16017	172	-90
16018	172	-88
16019	172	-86
16020	172	-84
16021	172	-82
16022	172	-80
16023	172	-78
16024	172	-76
16025	172	-74
16026	172	-72
16027	172	-70
16028	172	-68
16029	172	-66
16030	172	-64
16031	172	-62
16032	172	-60
16033	172	-58
16034	172	-56
16035	172	-54
16036	172	-52
16037	172	-50
16038	172	-48
16039	172	-46
16040	172	-44
16041	172	-42
16042	172	-40
16043	172	-38
16044	172	-36
16045	172	-34
16046	172	-32
16047	172	-30
16048	172	-28
16049	172	-26
16050	172	-24
16051	172	-22
16052	172	-20
16053	172	-18
16054	172	-16
16055	172	-14
16056	172	-12
16057	172	-10
16058	172	-8
16059	172	-6
16060	172	-4
16061	172	-2
16062	172	0
16063	172	2
16064	172	4
16065	172	6
16066	172	8
16067	172	10
16068	172	12
16069	172	14
16070	172	16
16071	172	18
16072	172	20
16073	172	22
16074	172	24
16075	172	26
16076	172	28
16077	172	30
16078	172	32
16079	172	34
16080	172	36
16081	172	38
16082	172	40
16083	172	42
16084	172	44
16085	172	46
16086	172	48
16087	172	50
16088	172	52
16089	172	54
16090	172	56
16091	172	58
16092	172	60
16093	172	62
16094	172	64
16095	172	66
16096	172	68
16097	172	70
16098	172	72
16099	172	74
16100	172	76
16101	172	78
16102	172	80
16103	172	82
16104	172	84
16105	172	86
16106	172	88
16107	172	90
16108	174	-90
16109	174	-88
16110	174	-86
16111	174	-84
16112	174	-82
16113	174	-80
16114	174	-78
16115	174	-76
16116	174	-74
16117	174	-72
16118	174	-70
16119	174	-68
16120	174	-66
16121	174	-64
16122	174	-62
16123	174	-60
16124	174	-58
16125	174	-56
16126	174	-54
16127	174	-52
16128	174	-50
16129	174	-48
16130	174	-46
16131	174	-44
16132	174	-42
16133	174	-40
16134	174	-38
16135	174	-36
16136	174	-34
16137	174	-32
16138	174	-30
16139	174	-28
16140	174	-26
16141	174	-24
16142	174	-22
16143	174	-20
16144	174	-18
16145	174	-16
16146	174	-14
16147	174	-12
16148	174	-10
16149	174	-8
16150	174	-6
16151	174	-4
16152	174	-2
16153	174	0
16154	174	2
16155	174	4
16156	174	6
16157	174	8
16158	174	10
16159	174	12
16160	174	14
16161	174	16
16162	174	18
16163	174	20
16164	174	22
16165	174	24
16166	174	26
16167	174	28
16168	174	30
16169	174	32
16170	174	34
16171	174	36
16172	174	38
16173	174	40
16174	174	42
16175	174	44
16176	174	46
16177	174	48
16178	174	50
16179	174	52
16180	174	54
16181	174	56
16182	174	58
16183	174	60
16184	174	62
16185	174	64
16186	174	66
16187	174	68
16188	174	70
16189	174	72
16190	174	74
16191	174	76
16192	174	78
16193	174	80
16194	174	82
16195	174	84
16196	174	86
16197	174	88
16198	174	90
16199	176	-90
16200	176	-88
16201	176	-86
16202	176	-84
16203	176	-82
16204	176	-80
16205	176	-78
16206	176	-76
16207	176	-74
16208	176	-72
16209	176	-70
16210	176	-68
16211	176	-66
16212	176	-64
16213	176	-62
16214	176	-60
16215	176	-58
16216	176	-56
16217	176	-54
16218	176	-52
16219	176	-50
16220	176	-48
16221	176	-46
16222	176	-44
16223	176	-42
16224	176	-40
16225	176	-38
16226	176	-36
16227	176	-34
16228	176	-32
16229	176	-30
16230	176	-28
16231	176	-26
16232	176	-24
16233	176	-22
16234	176	-20
16235	176	-18
16236	176	-16
16237	176	-14
16238	176	-12
16239	176	-10
16240	176	-8
16241	176	-6
16242	176	-4
16243	176	-2
16244	176	0
16245	176	2
16246	176	4
16247	176	6
16248	176	8
16249	176	10
16250	176	12
16251	176	14
16252	176	16
16253	176	18
16254	176	20
16255	176	22
16256	176	24
16257	176	26
16258	176	28
16259	176	30
16260	176	32
16261	176	34
16262	176	36
16263	176	38
16264	176	40
16265	176	42
16266	176	44
16267	176	46
16268	176	48
16269	176	50
16270	176	52
16271	176	54
16272	176	56
16273	176	58
16274	176	60
16275	176	62
16276	176	64
16277	176	66
16278	176	68
16279	176	70
16280	176	72
16281	176	74
16282	176	76
16283	176	78
16284	176	80
16285	176	82
16286	176	84
16287	176	86
16288	176	88
16289	176	90
16290	178	-90
16291	178	-88
16292	178	-86
16293	178	-84
16294	178	-82
16295	178	-80
16296	178	-78
16297	178	-76
16298	178	-74
16299	178	-72
16300	178	-70
16301	178	-68
16302	178	-66
16303	178	-64
16304	178	-62
16305	178	-60
16306	178	-58
16307	178	-56
16308	178	-54
16309	178	-52
16310	178	-50
16311	178	-48
16312	178	-46
16313	178	-44
16314	178	-42
16315	178	-40
16316	178	-38
16317	178	-36
16318	178	-34
16319	178	-32
16320	178	-30
16321	178	-28
16322	178	-26
16323	178	-24
16324	178	-22
16325	178	-20
16326	178	-18
16327	178	-16
16328	178	-14
16329	178	-12
16330	178	-10
16331	178	-8
16332	178	-6
16333	178	-4
16334	178	-2
16335	178	0
16336	178	2
16337	178	4
16338	178	6
16339	178	8
16340	178	10
16341	178	12
16342	178	14
16343	178	16
16344	178	18
16345	178	20
16346	178	22
16347	178	24
16348	178	26
16349	178	28
16350	178	30
16351	178	32
16352	178	34
16353	178	36
16354	178	38
16355	178	40
16356	178	42
16357	178	44
16358	178	46
16359	178	48
16360	178	50
16361	178	52
16362	178	54
16363	178	56
16364	178	58
16365	178	60
16366	178	62
16367	178	64
16368	178	66
16369	178	68
16370	178	70
16371	178	72
16372	178	74
16373	178	76
16374	178	78
16375	178	80
16376	178	82
16377	178	84
16378	178	86
16379	178	88
16380	178	90
16381	180	-90
16382	180	-88
16383	180	-86
16384	180	-84
16385	180	-82
16386	180	-80
16387	180	-78
16388	180	-76
16389	180	-74
16390	180	-72
16391	180	-70
16392	180	-68
16393	180	-66
16394	180	-64
16395	180	-62
16396	180	-60
16397	180	-58
16398	180	-56
16399	180	-54
16400	180	-52
16401	180	-50
16402	180	-48
16403	180	-46
16404	180	-44
16405	180	-42
16406	180	-40
16407	180	-38
16408	180	-36
16409	180	-34
16410	180	-32
16411	180	-30
16412	180	-28
16413	180	-26
16414	180	-24
16415	180	-22
16416	180	-20
16417	180	-18
16418	180	-16
16419	180	-14
16420	180	-12
16421	180	-10
16422	180	-8
16423	180	-6
16424	180	-4
16425	180	-2
16426	180	0
16427	180	2
16428	180	4
16429	180	6
16430	180	8
16431	180	10
16432	180	12
16433	180	14
16434	180	16
16435	180	18
16436	180	20
16437	180	22
16438	180	24
16439	180	26
16440	180	28
16441	180	30
16442	180	32
16443	180	34
16444	180	36
16445	180	38
16446	180	40
16447	180	42
16448	180	44
16449	180	46
16450	180	48
16451	180	50
16452	180	52
16453	180	54
16454	180	56
16455	180	58
16456	180	60
16457	180	62
16458	180	64
16459	180	66
16460	180	68
16461	180	70
16462	180	72
16463	180	74
16464	180	76
16465	180	78
16466	180	80
16467	180	82
16468	180	84
16469	180	86
16470	180	88
16471	180	90
